"Date/Time","Direction","Calling","Called","Extension","Ring","Wait","Talk","Answer","Class of Service","Site","Account","Cost","Charge Description","Source",
"02/02/2018 08:30:04","Outbound","02034053393","0041582620722","393","13",,"965","Answered","International","106 New Bond Street ",,"£0.548","Switzerland ","Desk Phone"
"02/02/2018 08:44:28","Outbound","02034053378","006562353360","378","19",,"193","Answered","International","106 New Bond Street ",,"£0.075","Singapore ","Desk Phone"
"02/02/2018 08:54:03","Outbound","02034053399","0033148240684","399","36",,"5","Answered","International","106 New Bond Street ",,"£0.027","France ","Desk Phone"
"02/02/2018 08:57:20","Outbound","02034053399","0031205436474","399","72",,"0","Unanswered","International","106 New Bond Street ",,,,"Desk Phone"
"02/02/2018 08:58:39","Outbound","02034053399","0031205436474","399","63",,"0","Unanswered","International","106 New Bond Street ",,,,"Desk Phone"
"02/02/2018 09:01:50","Outbound","02034053399","0033148240684","399","37",,"13","Answered","International","106 New Bond Street ",,"£0.03","France ","Desk Phone"
"02/02/2018 09:02:43","Outbound","02034053399","0033148240684","399","27",,"17","Answered","International","106 New Bond Street ",,"£0.031","France ","Desk Phone"
"02/02/2018 09:03:01","Outbound","02034053371","0041447771700","371","23",,"28","Answered","International","106 New Bond Street ",,"£0.04","Switzerland Zurich","Desk Phone"
"02/02/2018 09:03:28","Outbound","02034053378","0041224363700","378","14",,"61","Answered","International","106 New Bond Street ",,"£0.057","Switzerland Geneva","Desk Phone"
"02/02/2018 09:03:45","Outbound","02034053370","03454089100","389","4",,"22","Answered","National","SIP Users",,"£0","UK National Non Geographic","Desk Phone"
"02/02/2018 09:04:14","Outbound","02034053370","03454089100","389","4",,"32","Answered","National","SIP Users",,"£0","UK National Non Geographic","Desk Phone"
"02/02/2018 09:05:58","Outbound","02034053378","00074957776677","378","11",,"0","Unanswered","International","106 New Bond Street ",,,,"Desk Phone"
"02/02/2018 09:06:11","Outbound","02034053378","0074957776677","378","13",,"42","Answered","International","106 New Bond Street ",,"£0.035","Russia Moscow","Desk Phone"
"02/02/2018 09:06:46","Outbound","02034053399","0031205436777","399","74",,"0","Unanswered","International","106 New Bond Street ",,,,"Desk Phone"
"02/02/2018 09:07:31","Outbound","02034053370","006568288088","389","22",,"62","Answered","International","SIP Users",,"£0.041","Singapore ","Desk Phone"
"02/02/2018 09:07:41","Outbound","02034053378","0039026691349","378","17",,"14","Answered","International","106 New Bond Street ",,"£0.03","Italy ","Desk Phone"
"02/02/2018 09:08:16","Outbound","02034053378","0039026691349","378","5",,"21","Answered","International","106 New Bond Street ",,"£0.033","Italy ","Desk Phone"
"02/02/2018 09:08:26","Outbound","02034053382","0041223203232","382","14",,"15","Answered","International","106 New Bond Street ",,"£0.033","Switzerland Geneva","Desk Phone"
"02/02/2018 09:09:41","Outbound","02034053399","0031205436777","399","76",,"0","Unanswered","International","106 New Bond Street ",,,,"Desk Phone"
"02/02/2018 09:10:03","Outbound","02034053378","00441483260000","378","39",,"16","Answered","International","106 New Bond Street ",,"£0","UK Guildford","Desk Phone"
"02/02/2018 09:10:28","Outbound","02034053382","004538871000","382","26",,"20","Answered","International","106 New Bond Street ",,"£0.032","Denmark ","Desk Phone"
"02/02/2018 09:11:32","Outbound","02034053382","004551788488","382","17",,"135","Answered","International","106 New Bond Street ",,"£0.607","Denmark Mobile","Desk Phone"
"02/02/2018 09:13:41","Outbound","02034053378","004232371111","378","23",,"22","Answered","International","106 New Bond Street ",,"£0.044","Liechtenstein ","Desk Phone"
"02/02/2018 09:14:14","Outbound","02034053370","00622172784589","389","28",,"23","Answered","International","SIP Users",,"£0.038","Indonesia Jakarta","Desk Phone"
"02/02/2018 09:15:03","Outbound","02034053378","004921154066639","378","23",,"0","Unanswered","International","106 New Bond Street ",,,,"Desk Phone"
"02/02/2018 09:15:27","Outbound","02034053378","00492115406660","378","18",,"0","Unanswered","International","106 New Bond Street ",,,,"Desk Phone"
"02/02/2018 09:16:05","Outbound","02034053370","006568171652","389","14",,"99","Answered","International","SIP Users",,"£0.051","Singapore ","Desk Phone"
"02/02/2018 09:16:38","Outbound","02034053370","0041412494929","394","18",,"41","Answered","International","106 New Bond Street ",,"£0.047","Switzerland ","Desk Phone"
"02/02/2018 09:16:40","Outbound","02034053378","00447785903900","378","40",,"0","Unanswered","International","106 New Bond Street ",,,,"Desk Phone"
"02/02/2018 09:19:27","Outbound","02034053378","00390243351501","378","50",,"0","Unanswered","International","106 New Bond Street ",,,,"Desk Phone"
"02/02/2018 09:19:43","Outbound","02034053370","0034916252920","394","3",,"7","Answered","International","106 New Bond Street ",,"£0.027","Spain ","Desk Phone"
"02/02/2018 09:19:55","Outbound","02034053370","0034916252920","394","14",,"19","Answered","International","106 New Bond Street ",,"£0.031","Spain ","Desk Phone"
"02/02/2018 09:20:16","Outbound","02034053370","0062213983209194","389","8",,"74","Answered","International","SIP Users",,"£0.068","Indonesia Jakarta","Desk Phone"
"02/02/2018 09:21:00","Outbound","02034053378","00436644431718","378","39",,"2","Answered","International","106 New Bond Street ",,"£0.032","Austria A1 Mobilcom","Desk Phone"
"02/02/2018 09:21:14","Outbound","02034053382","004791002401","382","15",,"0","Unanswered","International","106 New Bond Street ",,,,"Desk Phone"
"02/02/2018 09:22:12","Outbound","02034053382","004791002401","382","22",,"22","Answered","International","106 New Bond Street ",,"£0.107","Norway Mobile","Desk Phone"
"02/02/2018 09:23:05","Outbound","02034053378","0037793157740","378","23",,"40","Answered","International","106 New Bond Street ",,"£0.052","Monaco ","Desk Phone"
"02/02/2018 09:24:29","Outbound","02034053399","0041616881111","399","27",,"23","Answered","International","106 New Bond Street ",,"£0.038","Switzerland ","Desk Phone"
"02/02/2018 09:24:42","Outbound","02034053379","006565964035","379","14",,"2","Answered","International","106 New Bond Street ",,"£0.026","Singapore ","Desk Phone"
"02/02/2018 09:25:09","Outbound","02034053378","0074956407488","378","15",,"16","Answered","International","106 New Bond Street ",,"£0.029","Russia Moscow","Desk Phone"
"02/02/2018 09:25:32","Outbound","02034053370","006565367887","389","5",,"87","Answered","International","SIP Users",,"£0.048","Singapore ","Desk Phone"
"02/02/2018 09:26:21","Outbound","02034053378","0041613231111","378","15",,"118","Answered","International","106 New Bond Street ",,"£0.089","Switzerland ","Desk Phone"
"02/02/2018 09:26:28","Outbound","02034053370","0041442045629","394","27",,"0","Unanswered","International","106 New Bond Street ",,,,"Desk Phone"
"02/02/2018 09:27:10","Outbound","02034053379","006562258888","379","15",,"10","Answered","International","106 New Bond Street ",,"£0.028","Singapore ","Desk Phone"
"02/02/2018 09:29:09","Outbound","02034053399","00442077102800","399","18",,"77","Answered","International","106 New Bond Street ",,"£0","UK London","Desk Phone"
"02/02/2018 09:29:15","Outbound","02034053378","0041612866255","378","21",,"155","Answered","International","106 New Bond Street ",,"£0.109","Switzerland ","Desk Phone"
"02/02/2018 09:29:26","Outbound","02034053370","006562298066","389","10",,"66","Answered","International","SIP Users",,"£0.042","Singapore ","Desk Phone"
"02/02/2018 09:29:54","Outbound","02034053379","006566536600","379","28",,"2","Answered","International","106 New Bond Street ",,"£0.026","Singapore ","Desk Phone"
"02/02/2018 09:30:49","Outbound","02034053371","0041613787722","371","45",,"28","Answered","International","106 New Bond Street ",,"£0.04","Switzerland ","Desk Phone"
"02/02/2018 09:30:52","Outbound","02034053370","002073156675","394","13",,"0","Unanswered","International","106 New Bond Street ",,,,"Desk Phone"
"02/02/2018 09:31:06","Outbound","02034053370","002073156675","394","2",,"0","Unanswered","International","106 New Bond Street ",,,,"Desk Phone"
"02/02/2018 09:31:10","Outbound","02034053370","00442073156675","394","20",,"722","Answered","International","106 New Bond Street ",,"£0","UK London","Desk Phone"
"02/02/2018 09:31:49","Outbound","02034053370","006562351123","389","18",,"0","Unanswered","International","SIP Users",,,,"Desk Phone"
"02/02/2018 09:32:29","Outbound","02034053382","0043316208100","382","78",,"0","Unanswered","International","106 New Bond Street ",,,,"Desk Phone"
"02/02/2018 09:32:57","Outbound","02034053399","00435010019857","399","27",,"100","Answered","International","106 New Bond Street ",,"£0.071","Austria ","Desk Phone"
"02/02/2018 09:34:01","Outbound","02034053370","02089788460","385","3",,"0","Unanswered","National","106 New Bond Street ",,,,"Desk Phone"
"02/02/2018 09:34:10","Outbound","02034053370","01315192100","385","2",,"20","Answered","National","106 New Bond Street ",,"£0","UK Edinburgh","Desk Phone"
"02/02/2018 09:34:36","Outbound","02034053370","01315192100","385","1",,"20","Answered","National","106 New Bond Street ",,"£0","UK Edinburgh","Desk Phone"
"02/02/2018 09:35:23","Outbound","02034053376","01624681250","376","10",,"178","Answered","National","106 New Bond Street ",,"£0","UK Isle Of Man","Desk Phone"
"02/02/2018 09:36:47","Outbound","02034053370","02070168500","385","4",,"35","Answered","National","106 New Bond Street ",,"£0","UK London","Desk Phone"
"02/02/2018 09:38:04","Outbound","02034053370","02089788460","385","3",,"0","Unanswered","National","106 New Bond Street ",,,,"Desk Phone"
"02/02/2018 09:38:07","Outbound","02034053379","0034915864285","379","17",,"22","Answered","International","106 New Bond Street ",,"£0.032","Spain ","Desk Phone"
"02/02/2018 09:38:08","Outbound","02034053378","00442075624800","378","24",,"80","Answered","International","106 New Bond Street ",,"£0","UK London","Desk Phone"
"02/02/2018 09:38:49","Outbound","02034053379","0034915869300","379","15",,"0","Unanswered","International","106 New Bond Street ",,,,"Desk Phone"
"02/02/2018 09:39:01","Outbound","02034053370","01315192100","385","2",,"66","Answered","National","106 New Bond Street ",,"£0","UK Edinburgh","Desk Phone"
"02/02/2018 09:39:09","Outbound","02034053382","0045260843","382","8",,"0","Unanswered","International","106 New Bond Street ",,,,"Desk Phone"
"02/02/2018 09:39:35","Outbound","02034053382","004545260826","382","26",,"44","Answered","International","106 New Bond Street ",,"£0.041","Denmark ","Desk Phone"
"02/02/2018 09:41:39","Outbound","02034053370","02890423555","385","3",,"12","Answered","National","106 New Bond Street ",,"£0","UK Belfast","Desk Phone"
"02/02/2018 09:41:43","Outbound","02034053378","003544104040","378","12",,"14","Answered","International","106 New Bond Street ",,"£0.033","Iceland ","Desk Phone"
"02/02/2018 09:41:56","Outbound","02034053370","02890423555","385","3",,"71","Answered","National","106 New Bond Street ",,"£0","UK Belfast","Desk Phone"
"02/02/2018 09:42:11","Outbound","02034053378","003544104040","378","11",,"134","Answered","International","106 New Bond Street ",,"£0.099","Iceland ","Desk Phone"
"02/02/2018 09:42:12","Outbound","02034053382","004969743840","382","18",,"47","Answered","International","106 New Bond Street ",,"£0.041","Germany ","Desk Phone"
"02/02/2018 09:44:01","Outbound","02034053382","004940209076550","382","19",,"64","Answered","International","106 New Bond Street ",,"£0.047","Germany ","Desk Phone"
"02/02/2018 09:44:34","Outbound","02034053399","0041616881111","399","18",,"489","Answered","International","106 New Bond Street ",,"£0.29","Switzerland ","Desk Phone"
"02/02/2018 09:44:54","Outbound","02034053370","01743282222","385","0",,"0","Unanswered","National","106 New Bond Street ",,,,"Desk Phone"
"02/02/2018 09:45:00","Outbound","02034053370","01743282222","385","4",,"92","Answered","National","106 New Bond Street ",,"£0","UK Shrewsbury","Desk Phone"
"02/02/2018 09:45:11","Outbound","02034053373","02092050800","373","4",,"0","Unanswered","National","106 New Bond Street ",,,,"Desk Phone"
"02/02/2018 09:45:17","Outbound","02034053373","02020508000","373","6",,"0","Unanswered","National","106 New Bond Street ",,,,"Desk Phone"
"02/02/2018 09:45:18","Outbound","02034053378","0035220203327","378","10",,"25","Answered","International","106 New Bond Street ",,"£0.036","Luxembourg ","Desk Phone"
"02/02/2018 09:45:24","Outbound","02034053373","02920508000","373","8",,"27","Answered","National","106 New Bond Street ",,"£0","UK Cardiff","Desk Phone"
"02/02/2018 09:46:11","Outbound","02034053373","02920508000","373","9",,"2","Answered","National","106 New Bond Street ",,"£0","UK Cardiff","Desk Phone"
"02/02/2018 09:47:02","Outbound","02034053378","00302106289121","378","33",,"2","Answered","International","106 New Bond Street ",,"£0.026","Greece ","Desk Phone"
"02/02/2018 09:48:08","Outbound","02034053379","0034932682929","379","23",,"43","Answered","International","106 New Bond Street ",,"£0.04","Spain ","Desk Phone"
"02/02/2018 09:48:25","Outbound","02034053378","0034917815750","378","14",,"69","Answered","International","106 New Bond Street ",,"£0.048","Spain ","Desk Phone"
"02/02/2018 09:48:49","Outbound","02034053382","006568898888","382","17",,"40","Answered","International","106 New Bond Street ",,"£0.035","Singapore ","Desk Phone"
"02/02/2018 09:49:49","Outbound","02034053379","00494032099316","379","32",,"37","Answered","International","106 New Bond Street ",,"£0.038","Germany ","Desk Phone"
"02/02/2018 09:50:56","Outbound","02034053378","0041328864800","378","14",,"129","Answered","International","106 New Bond Street ",,"£0.095","Switzerland ","Desk Phone"
"02/02/2018 09:51:50","Outbound","02034053382","0041228494444","382","15",,"45","Answered","International","106 New Bond Street ",,"£0.048","Switzerland Geneva","Desk Phone"
"02/02/2018 09:52:21","Outbound","02034053379","0085228272278","379","19",,"77","Answered","International","106 New Bond Street ",,"£0.071","Hong Kong ","Desk Phone"
"02/02/2018 09:52:41","Outbound","02034053370","01296397444","385","5",,"0","Unanswered","National","106 New Bond Street ",,,,"Desk Phone"
"02/02/2018 09:52:41","Outbound","02034053373","02072691700","373","7",,"0","Unanswered","National","106 New Bond Street ",,,,"Desk Phone"
"02/02/2018 09:52:51","Outbound","02034053373","02072691700","373","12",,"0","Unanswered","National","106 New Bond Street ",,,,"Desk Phone"
"02/02/2018 09:53:08","Outbound","02034053370","02074705250","385","9",,"6","Answered","National","106 New Bond Street ",,"£0","UK London","Desk Phone"
"02/02/2018 09:53:18","Outbound","02034053382","02075540093","382","4",,"5","Answered","National","106 New Bond Street ",,"£0","UK London","Desk Phone"
"02/02/2018 09:53:21","Outbound","02034053378","0041328864820","378","58",,"0","Unanswered","International","106 New Bond Street ",,,,"Desk Phone"
"02/02/2018 09:53:22","Outbound","02034053383","0041225951283","383","37",,"16","Answered","International","106 New Bond Street ",,"£0.033","Switzerland Geneva","Desk Phone"
"02/02/2018 09:53:25","Outbound","02034053370","02074705250","385","9",,"38","Answered","National","106 New Bond Street ",,"£0","UK London","Desk Phone"
"02/02/2018 09:53:29","Outbound","02034053382","02075540093","382","5",,"0","Answered","National","106 New Bond Street ",,"£0","UK London","Desk Phone"
"02/02/2018 09:53:35","Outbound","02034053382","02075540093","382","4",,"1","Answered","National","106 New Bond Street ",,"£0","UK London","Desk Phone"
"02/02/2018 09:53:37","Outbound","02034053370","02075800300","392","12",,"28","Answered","National","106 New Bond Street ",,"£0","UK London","Desk Phone"
"02/02/2018 09:55:35","Outbound","02034053383","0041438881188","383","21",,"23","Answered","International","106 New Bond Street ",,"£0.037","Switzerland Zurich","Desk Phone"
"02/02/2018 09:56:01","Outbound","02034053378","0041227872900","378","19",,"12","Answered","International","106 New Bond Street ",,"£0.031","Switzerland Geneva","Desk Phone"
"02/02/2018 09:56:58","Outbound","02034053378","0027219406480","378","30",,"4","Answered","International","106 New Bond Street ",,"£0.031","South Africa ","Desk Phone"
"02/02/2018 09:57:31","Outbound","02034053370","003583311511","389","9",,"48","Answered","International","SIP Users",,"£0.069","Finland ","Desk Phone"
"02/02/2018 09:57:31","Outbound","02034053370","01296397444","385","2",,"60","Answered","National","106 New Bond Street ",,"£0","UK Aylesbury","Desk Phone"
"02/02/2018 09:57:36","Outbound","02034053376","0033148240684","376","15",,"0","Unanswered","International","106 New Bond Street ",,,,"Desk Phone"
"02/02/2018 09:58:15","Outbound","02034053379","0041433112760","379","20",,"31","Answered","International","106 New Bond Street ",,"£0.041","Switzerland Zurich","Desk Phone"
"02/02/2018 09:58:15","Outbound","02034053383","0033153052800","383","21",,"205","Answered","International","106 New Bond Street ",,"£0.097","France ","Desk Phone"
"02/02/2018 09:58:23","Outbound","02034053376","01264773155","376","10",,"69","Answered","National","106 New Bond Street ",,"£0","UK Andover","Desk Phone"
"02/02/2018 09:58:38","Outbound","02034053378","004331680722309","378","13",,"63","Answered","International","106 New Bond Street ",,"£0.054","Austria ","Desk Phone"
"02/02/2018 09:59:36","Outbound","02034053370","0035224851","389","19",,"17","Answered","International","SIP Users",,"£0.032","Luxembourg ","Desk Phone"
"02/02/2018 09:59:49","Outbound","02034053377","07963939866","377","16",,"1203","Answered","Mobile","106 New Bond Street ",,"£1.824","UK Mobile T Mobile","Desk Phone"
"02/02/2018 10:00:23","Outbound","02034053378","00441506842365","378","13",,"41","Answered","International","106 New Bond Street ",,"£0","UK Bathgate","Desk Phone"
"02/02/2018 10:00:34","Outbound","02034053380","02030027685","380","6",,"1093","Answered","National","SIP Users",,"£0","UK London","Desk Phone"
"02/02/2018 10:00:35","Outbound","02034053399","0034914239621","399","23",,"5","Answered","International","106 New Bond Street ",,"£0.027","Spain ","Desk Phone"
"02/02/2018 10:01:04","Outbound","02034053399","0034902305307","399","15",,"15","Answered","International","106 New Bond Street ",,"£0.03","Spain ","Desk Phone"
"02/02/2018 10:01:11","Outbound","02034053370","02074264700","392","25",,"45","Answered","National","106 New Bond Street ",,"£0","UK London","Desk Phone"
"02/02/2018 10:02:03","Outbound","02034053373","02078863600","373","22",,"26","Answered","National","106 New Bond Street ",,"£0","UK London","Desk Phone"
"02/02/2018 10:02:19","Outbound","02034053378","00442078711512","378","9",,"3","Answered","International","106 New Bond Street ",,"£0","UK London","Desk Phone"
"02/02/2018 10:03:32","Outbound","02034053378","00442070791000","378","15",,"49","Answered","International","106 New Bond Street ",,"£0","UK London","Desk Phone"
"02/02/2018 10:04:19","Outbound","02034053399","0033969362000","399","41",,"0","Unanswered","International","106 New Bond Street ",,,,"Desk Phone"
"02/02/2018 10:04:51","Outbound","02034053376","01624692930","376","4",,"6","Answered","National","106 New Bond Street ",,"£0","UK Isle Of Man","Desk Phone"
"02/02/2018 10:05:07","Outbound","02034053376","01624692930","376","18",,"2","Answered","National","106 New Bond Street ",,"£0","UK Isle Of Man","Desk Phone"
"02/02/2018 10:05:28","Outbound","02034053371","0041444217740","371","20",,"533","Answered","International","106 New Bond Street ",,"£0.304","Switzerland Zurich","Desk Phone"
"02/02/2018 10:05:34","Outbound","02034053370","0034917909770","389","2",,"3","Answered","International","SIP Users",,"£0.026","Spain ","Desk Phone"
"02/02/2018 10:05:39","Outbound","02034053376","01624692930","376","4",,"3","Answered","National","106 New Bond Street ",,"£0","UK Isle Of Man","Desk Phone"
"02/02/2018 10:05:43","Outbound","02034053378","00442072905044","378","17",,"12","Answered","International","106 New Bond Street ",,"£0","UK London","Desk Phone"
"02/02/2018 10:05:48","Outbound","02034053370","0041417254090","394","4",,"0","Unanswered","International","106 New Bond Street ",,,,"Desk Phone"
"02/02/2018 10:05:54","Outbound","02034053370","0041417254090","394","3",,"0","Unanswered","International","106 New Bond Street ",,,,"Desk Phone"
"02/02/2018 10:06:13","Outbound","02034053379","00493452321636","379","87",,"0","Unanswered","International","106 New Bond Street ",,,,"Desk Phone"
"02/02/2018 10:07:30","Outbound","02034053376","0041582615460","376","20",,"6","Answered","International","106 New Bond Street ",,"£0.028","Switzerland ","Desk Phone"
"02/02/2018 10:08:00","Outbound","02034053376","0041582615460","376","19",,"3","Answered","International","106 New Bond Street ",,"£0.027","Switzerland ","Desk Phone"
"02/02/2018 10:08:41","Outbound","02034053370","08005300193","385","19",,"0","Unanswered","Freephone","106 New Bond Street ",,,,"Desk Phone"
"02/02/2018 10:09:15","Outbound","02034053376","0041582615460","376","15",,"0","Unanswered","International","106 New Bond Street ",,,,"Desk Phone"
"02/02/2018 10:10:17","Outbound","02034053370","02073617700","385","1",,"84","Answered","National","106 New Bond Street ",,"£0","UK London","Desk Phone"
"02/02/2018 10:10:20","Outbound","02034053370","0034910483040","389","2",,"14","Answered","International","SIP Users",,"£0.03","Spain ","Desk Phone"
"02/02/2018 10:10:23","Outbound","02034053379","00390276451292","379","58",,"0","Unanswered","International","106 New Bond Street ",,,,"Desk Phone"
"02/02/2018 10:10:47","Outbound","02034053376","08450066204","376","6",,"13","Answered","National","106 New Bond Street ",,"£0.013","UK NGCS SC005","Desk Phone"
"02/02/2018 10:11:34","Outbound","02034053378","00441619298838","378","17",,"16","Answered","International","106 New Bond Street ",,"£0","UK Manchester","Desk Phone"
"02/02/2018 10:12:18","Outbound","02034053378","00441179004000","378","14",,"10","Answered","International","106 New Bond Street ",,"£0","UK Bristol","Desk Phone"
"02/02/2018 10:13:11","Outbound","02034053378","0033153157000","378","19",,"0","Unanswered","International","106 New Bond Street ",,,,"Desk Phone"
"02/02/2018 10:13:31","Outbound","02034053370","0046104427000","394","2",,"29","Answered","International","106 New Bond Street ",,"£0.037","Sweden ","Desk Phone"
"02/02/2018 10:13:47","Outbound","02034053383","0041223473708","383","20",,"81","Answered","International","106 New Bond Street ",,"£0.067","Switzerland Geneva","Desk Phone"
"02/02/2018 10:14:12","Outbound","02034053378","00442076474600","378","12",,"0","Unanswered","International","106 New Bond Street ",,,,"Desk Phone"
"02/02/2018 10:14:14","Outbound","02034053370","0046104428900","394","2",,"10","Answered","International","106 New Bond Street ",,"£0.029","Sweden ","Desk Phone"
"02/02/2018 10:14:50","Outbound","02034053379","0034917813276","379","21",,"81","Answered","International","106 New Bond Street ",,"£0.052","Spain ","Desk Phone"
"02/02/2018 10:15:35","Outbound","02034053370","02074939990","392","14",,"0","Unanswered","National","106 New Bond Street ",,,,"Desk Phone"
"02/02/2018 10:15:47","Outbound","02034053370","0041442051111","389","6",,"39","Answered","International","SIP Users",,"£0.045","Switzerland Zurich","Desk Phone"
"02/02/2018 10:15:50","Outbound","02034053370","02074939990","392","12",,"149","Answered","National","106 New Bond Street ",,"£0","UK London","Desk Phone"
"02/02/2018 10:15:58","Outbound","02034053399","0035227974785","399","89",,"0","Unanswered","International","106 New Bond Street ",,,,"Desk Phone"
"02/02/2018 10:17:27","Outbound","02034053378","0034915645998","378","15",,"152","Answered","International","106 New Bond Street ",,"£0.076","Spain ","Desk Phone"
"02/02/2018 10:17:32","Outbound","02034053399","00352279741","399","21",,"13","Answered","International","106 New Bond Street ",,"£0.03","Luxembourg ","Desk Phone"
"02/02/2018 10:18:06","Outbound","02034053376","08450066204","376","9",,"17","Answered","National","106 New Bond Street ",,"£0.016","UK NGCS SC005","Desk Phone"
"02/02/2018 10:18:09","Outbound","02034053370","00442051414","389","0",,"0","Unanswered","International","SIP Users",,,,"Desk Phone"
"02/02/2018 10:18:11","Outbound","02034053370","0035725355144","394","2",,"0","Unanswered","International","106 New Bond Street ",,,,"Desk Phone"
"02/02/2018 10:18:23","Outbound","02034053370","0035725355144","394","26",,"0","Unanswered","International","106 New Bond Street ",,,,"Desk Phone"
"02/02/2018 10:18:25","Outbound","02034053370","0041442051414","389","71",,"103","Answered","International","SIP Users",,"£0.079","Switzerland Zurich","Desk Phone"
"02/02/2018 10:18:37","Outbound","02034053379","00390277001","379","12",,"0","Unanswered","International","106 New Bond Street ",,,,"Desk Phone"
"02/02/2018 10:18:51","Outbound","02034053379","00390277001","379","13",,"0","Unanswered","International","106 New Bond Street ",,,,"Desk Phone"
"02/02/2018 10:19:23","Outbound","02034053373","00042033561722","373","9",,"0","Unanswered","International","106 New Bond Street ",,,,"Desk Phone"
"02/02/2018 10:19:37","Outbound","02034053373","00442033561722","373","19",,"16","Answered","International","106 New Bond Street ",,"£0","UK London","Desk Phone"
"02/02/2018 10:20:34","Outbound","02034053376","08450066204","376","5",,"16","Answered","National","106 New Bond Street ",,"£0.016","UK NGCS SC005","Desk Phone"
"02/02/2018 10:20:44","Outbound","02034053399","0041444512244","399","19",,"14","Answered","International","106 New Bond Street ",,"£0.032","Switzerland Zurich","Desk Phone"
"02/02/2018 10:22:54","Outbound","02034053376","08450066204","376","7",,"8","Answered","National","106 New Bond Street ",,"£0.008","UK NGCS SC005","Desk Phone"
"02/02/2018 10:23:38","Outbound","02034053383","0041223170747","383","25",,"96","Answered","International","106 New Bond Street ",,"£0.075","Switzerland Geneva","Desk Phone"
"02/02/2018 10:23:44","Outbound","02034053379","00390105307811","379","17",,"36","Answered","International","106 New Bond Street ",,"£0.039","Italy ","Desk Phone"
"02/02/2018 10:23:52","Outbound","02034053370","02072205000","385","3",,"0","Unanswered","National","106 New Bond Street ",,,,"Desk Phone"
"02/02/2018 10:23:58","Outbound","02034053370","02072205000","385","4",,"0","Unanswered","National","106 New Bond Street ",,,,"Desk Phone"
"02/02/2018 10:24:19","Outbound","02034053399","0041444512244","399","13",,"9","Answered","International","106 New Bond Street ",,"£0.03","Switzerland Zurich","Desk Phone"
"02/02/2018 10:25:42","Outbound","02034053370","0041229003300","389","87",,"0","Unanswered","International","SIP Users",,,,"Desk Phone"
"02/02/2018 10:25:58","Outbound","02034053370","004657084800","394","1",,"1","Answered","International","106 New Bond Street ",,"£0.025","Sweden ","Desk Phone"
"02/02/2018 10:26:03","Outbound","02034053370","004657084800","394","2",,"13","Answered","International","106 New Bond Street ",,"£0.03","Sweden ","Desk Phone"
"02/02/2018 10:26:27","Outbound","02034053370","02072205000","385","2",,"0","Unanswered","National","106 New Bond Street ",,,,"Desk Phone"
"02/02/2018 10:30:07","Outbound","02034053371","0041445853484","371","37",,"0","Unanswered","International","106 New Bond Street ",,,,"Desk Phone"
"02/02/2018 10:30:32","Outbound","02034053379","00352262586541","379","16",,"18","Answered","International","106 New Bond Street ",,"£0.033","Luxembourg ","Desk Phone"
"02/02/2018 10:31:49","Outbound","02034053376","00313556333333","376","9",,"0","Unanswered","International","106 New Bond Street ",,,,"Desk Phone"
"02/02/2018 10:32:04","Outbound","02034053376","00313556333333","376","14",,"0","Unanswered","International","106 New Bond Street ",,,,"Desk Phone"
"02/02/2018 10:32:25","Outbound","02034053376","00313556333333","376","11",,"0","Unanswered","International","106 New Bond Street ",,,,"Desk Phone"
"02/02/2018 10:32:47","Outbound","02034053376","0031205949111","376","2",,"69","Answered","International","106 New Bond Street ",,"£0.048","Netherlands ","Desk Phone"
"02/02/2018 10:32:55","Outbound","02034053379","0034914005000","379","21",,"41","Answered","International","106 New Bond Street ",,"£0.039","Spain ","Desk Phone"
"02/02/2018 10:33:25","Outbound","02034053370","00442072976710","389","0",,"8","Answered","International","SIP Users",,"£0","UK London","Desk Phone"
"02/02/2018 10:33:38","Outbound","02034053370","00442072976700","389","3",,"0","Unanswered","International","SIP Users",,,,"Desk Phone"
"02/02/2018 10:34:47","Outbound","02034053378","0041228168000","378","16",,"25","Answered","International","106 New Bond Street ",,"£0.038","Switzerland Geneva","Desk Phone"
"02/02/2018 10:35:02","Outbound","02034053382","0043316208100","382","18",,"38","Answered","International","106 New Bond Street ",,"£0.042","Austria ","Desk Phone"
"02/02/2018 10:36:15","Outbound","02034053379","0037797982990","379","26",,"153","Answered","International","106 New Bond Street ",,"£0.127","Monaco ","Desk Phone"
"02/02/2018 10:38:04","Outbound","02034053371","0041919227072","371","23",,"15","Answered","International","106 New Bond Street ",,"£0.033","Switzerland ","Desk Phone"
"02/02/2018 10:38:27","Outbound","02034053370","08003767954","385","5",,"92","Answered","Freephone","106 New Bond Street ",,"£0","UK Freephone","Desk Phone"
"02/02/2018 10:38:53","Outbound","02034053371","00498923932187","371","47",,"198","Answered","International","106 New Bond Street ",,"£0.093","Germany ","Desk Phone"
"02/02/2018 10:39:34","Outbound","02034053370","00390288291","389","2",,"0","Unanswered","International","SIP Users",,,,"Desk Phone"
"02/02/2018 10:39:56","Outbound","02034053370","00390288291","389","0",,"0","Unanswered","International","SIP Users",,,,"Desk Phone"
"02/02/2018 10:40:03","Outbound","02034053370","0039066758291","389","6",,"259","Answered","International","SIP Users",,"£0.126","Italy ","Desk Phone"
"02/02/2018 10:40:37","Outbound","02034053378","0081354439477","378","37",,"0","Unanswered","International","106 New Bond Street ",,,,"Desk Phone"
"02/02/2018 10:41:18","Outbound","02034053376","00313556333333","376","8",,"0","Unanswered","International","106 New Bond Street ",,,,"Desk Phone"
"02/02/2018 10:41:31","Outbound","02034053382","004570112020","382","13",,"83","Answered","International","106 New Bond Street ",,"£0.055","Denmark ","Desk Phone"
"02/02/2018 10:42:08","Outbound","02034053370","0041583225000","385","5",,"0","Unanswered","International","106 New Bond Street ",,,,"Desk Phone"
"02/02/2018 10:42:19","Outbound","02034053383","0041612676128","383","40",,"5","Answered","International","106 New Bond Street ",,"£0.028","Switzerland ","Desk Phone"
"02/02/2018 10:42:44","Outbound","02034053399","00441932822000","399","13",,"79","Answered","International","106 New Bond Street ",,"£0","UK Weybridge","Desk Phone"
"02/02/2018 10:44:05","Outbound","02034053376","0031205949111","376","2",,"68","Answered","International","106 New Bond Street ",,"£0.048","Netherlands ","Desk Phone"
"02/02/2018 10:44:28","Outbound","02034053371","00496912611246","371","22",,"0","Unanswered","International","106 New Bond Street ",,,,"Desk Phone"
"02/02/2018 10:44:40","Outbound","02034053379","00493024564527","379","105",,"0","Unanswered","International","106 New Bond Street ",,,,"Desk Phone"
"02/02/2018 10:44:50","Outbound","02034053371","00496912611246","371","13",,"0","Unanswered","International","106 New Bond Street ",,,,"Desk Phone"
"02/02/2018 10:44:51","Outbound","02034053382","004570112020","382","14",,"49","Answered","International","106 New Bond Street ",,"£0.042","Denmark ","Desk Phone"
"02/02/2018 10:45:43","Outbound","02034053370","00358981622330","385","6",,"45","Answered","International","106 New Bond Street ",,"£0.057","Finland Helsinki","Desk Phone"
"02/02/2018 10:46:36","Outbound","02034053370","00358981622330","385","6",,"36","Answered","International","106 New Bond Street ",,"£0.05","Finland Helsinki","Desk Phone"
"02/02/2018 10:47:35","Outbound","02034053371","00492161124","371","15",,"0","Unanswered","International","106 New Bond Street ",,,,"Desk Phone"
"02/02/2018 10:47:52","Outbound","02034053371","004921611246","371","33",,"0","Unanswered","International","106 New Bond Street ",,,,"Desk Phone"
"02/02/2018 10:48:32","Outbound","02034053371","00496912611246","371","33",,"0","Unanswered","International","106 New Bond Street ",,,,"Desk Phone"
"02/02/2018 10:48:44","Outbound","02034053378","0041416324490","378","13",,"97","Answered","International","106 New Bond Street ",,"£0.078","Switzerland ","Desk Phone"
"02/02/2018 10:50:06","Outbound","02034053379","004921122982014","379","28",,"4","Answered","International","106 New Bond Street ",,"£0.026","Germany ","Desk Phone"
"02/02/2018 10:50:10","Outbound","02034053399","00442077102800","399","30",,"60","Answered","International","106 New Bond Street ",,"£0","UK London","Desk Phone"
"02/02/2018 10:50:26","Outbound","02034053371","00496921611246","371","46",,"56","Answered","International","106 New Bond Street ",,"£0.044","Germany ","Desk Phone"
"02/02/2018 10:50:27","Outbound","02034053370","0041613366793","385","7",,"8","Answered","International","106 New Bond Street ",,"£0.029","Switzerland ","Desk Phone"
"02/02/2018 10:51:07","Outbound","02034053379","02075895400","379","6",,"31","Answered","National","106 New Bond Street ",,"£0","UK London","Desk Phone"
"02/02/2018 10:51:55","Outbound","02034053379","02075895400","379","2",,"10","Answered","National","106 New Bond Street ",,"£0","UK London","Desk Phone"
"02/02/2018 10:52:11","Outbound","02034053370","00492111793611","389","10",,"0","Unanswered","International","SIP Users",,,,"Desk Phone"
"02/02/2018 10:52:12","Outbound","02034053379","0034917705974","379","19",,"703","Answered","International","106 New Bond Street ",,"£0.262","Spain ","Desk Phone"
"02/02/2018 10:53:03","Outbound","02034053370","0031205949111","385","2",,"60","Answered","International","106 New Bond Street ",,"£0.045","Netherlands ","Desk Phone"
"02/02/2018 10:53:06","Outbound","02034053371","0041227163503","371","31",,"0","Unanswered","International","106 New Bond Street ",,,,"Desk Phone"
"02/02/2018 10:54:14","Outbound","02034053370","0031205949111","385","2",,"520","Answered","International","106 New Bond Street ",,"£0.198","Netherlands ","Desk Phone"
"02/02/2018 10:54:28","Outbound","02034053382","01865323971","382","22",,"4","Answered","National","106 New Bond Street ",,"£0","UK Oxford","Desk Phone"
"02/02/2018 10:56:08","Outbound","02034053371","0041613787722","371","15",,"104","Answered","International","106 New Bond Street ",,"£0.081","Switzerland ","Desk Phone"
"02/02/2018 11:00:01","Outbound","02034053399","00442079140727","399","23",,"4","Answered","International","106 New Bond Street ",,"£0","UK London","Desk Phone"
"02/02/2018 11:01:05","Outbound","02034053376","02073242000","376","6",,"13","Answered","National","106 New Bond Street ",,"£0","UK London","Desk Phone"
"02/02/2018 11:01:47","Outbound","02034053376","02073242000","376","9",,"0","Unanswered","National","106 New Bond Street ",,,,"Desk Phone"
"02/02/2018 11:03:14","Outbound","02034053376","0033184115000","376","2",,"29","Answered","International","106 New Bond Street ",,"£0.035","France ","Desk Phone"
"02/02/2018 11:03:18","Outbound","02034053382","0041223184383","382","27",,"14","Answered","International","106 New Bond Street ",,"£0.032","Switzerland Geneva","Desk Phone"
"02/02/2018 11:03:26","Outbound","02034053399","00498967871107","399","101",,"0","Unanswered","International","106 New Bond Street ",,,,"Desk Phone"
"02/02/2018 11:03:27","Outbound","02034053370","00441534620404","389","1",,"0","Unanswered","International","SIP Users",,,,"Desk Phone"
"02/02/2018 11:03:49","Outbound","02034053370","01534620400","389","1",,"0","Unanswered","National","SIP Users",,,,"Desk Phone"
"02/02/2018 11:06:28","Outbound","02034053399","00498967871107","399","100",,"0","Unanswered","International","106 New Bond Street ",,,,"Desk Phone"
"02/02/2018 11:09:15","Outbound","02034053397","02073550605","397","9",,"87","Answered","National","106 New Bond Street ",,"£0","UK London","Desk Phone"
"02/02/2018 11:10:28","Outbound","02034053376","0033184115000","376","2",,"76","Answered","International","106 New Bond Street ",,"£0.052","France ","Desk Phone"
"02/02/2018 11:27:47","Outbound","02034053370","07599429745","370","20",,"71","Answered","Mobile","106 New Bond Street ",,"£0.144","UK Mobile O2","Desk Phone"
"02/02/2018 11:29:59","Outbound","02034053370","07599429745","370","12",,"1178","Answered","Mobile","106 New Bond Street ",,"£1.786","UK Mobile O2","Desk Phone"
"02/02/2018 11:35:27","Outbound","02034053398","02076297200","398","9",,"210","Answered","National","106 New Bond Street ",,"£0","UK London","Desk Phone"
"02/02/2018 11:46:43","Outbound","02034053376","0033184115000","376","2",,"40","Answered","International","106 New Bond Street ",,"£0.039","France ","Desk Phone"
"02/02/2018 11:47:26","Outbound","02034053376","0035312374689","376","1",,"0","Unanswered","International","106 New Bond Street ",,,,"Desk Phone"
"02/02/2018 11:47:33","Outbound","02034053376","0035312374689","376","6",,"9","Answered","International","106 New Bond Street ",,"£0.028","Ireland ","Desk Phone"
"02/02/2018 11:47:53","Outbound","02034053376","0035312374689","376","6",,"3","Answered","International","106 New Bond Street ",,"£0.026","Ireland ","Desk Phone"
"02/02/2018 11:49:08","Outbound","02034053376","0033140760121","376","4",,"21","Answered","International","106 New Bond Street ",,"£0.032","France ","Desk Phone"
"02/02/2018 11:49:39","Outbound","02034053376","0033140760121","376","5",,"17","Answered","International","106 New Bond Street ",,"£0.031","France ","Desk Phone"
"02/02/2018 11:51:16","Outbound","02034053376","0033140760121","376","8",,"25","Answered","International","106 New Bond Street ",,"£0.034","France ","Desk Phone"
"02/02/2018 11:52:33","Outbound","02034053376","0033140760121","376","29",,"82","Answered","International","106 New Bond Street ",,"£0.054","France ","Desk Phone"
"02/02/2018 11:59:23","Outbound","02034053398","01189821330","398","9",,"191","Answered","National","106 New Bond Street ",,"£0","UK Reading","Desk Phone"
"02/02/2018 11:59:32","Outbound","02034053376","02074896057","376","6",,"7","Answered","National","106 New Bond Street ",,"£0","UK London","Desk Phone"
"02/02/2018 12:01:33","Outbound","02034053376","02074930545","376","14",,"5","Answered","National","106 New Bond Street ",,"£0","UK London","Desk Phone"
"02/02/2018 12:02:50","Outbound","02034053398","08709066066","398","28",,"0","Unanswered","National","106 New Bond Street ",,,,"Desk Phone"
"02/02/2018 12:03:19","Outbound","02034053398","03448224224","398","10",,"1078","Answered","National","106 New Bond Street ",,"£0","UK National Non Geographic","Desk Phone"
"02/02/2018 12:10:37","Outbound","02034053371","0041447771700","371","28",,"16","Answered","International","106 New Bond Street ",,"£0.033","Switzerland Zurich","Desk Phone"
"02/02/2018 12:14:10","Outbound","02034053388","0041793746322","388","10",,"1051","Answered","International","SIP Users",,"£7.73","Switzerland Mobile","Desk Phone"
"02/02/2018 13:30:37","Outbound","02034053373","02074789769","373","7",,"970","Answered","National","106 New Bond Street ",,"£0","UK London","Desk Phone"
"02/02/2018 13:31:05","Outbound","02034053371","0041447771700","371","27",,"32","Answered","International","106 New Bond Street ",,"£0.042","Switzerland Zurich","Desk Phone"
"02/02/2018 13:31:43","Outbound","02034053370","0014049917065","392","13",,"31","Answered","International","106 New Bond Street ",,"£0.035","USA ","Desk Phone"
"02/02/2018 13:32:55","Outbound","02034053370","02074939990","392","25",,"123","Answered","National","106 New Bond Street ",,"£0","UK London","Desk Phone"
"02/02/2018 13:35:19","Outbound","02034053371","0041223187810","371","35",,"32","Answered","International","106 New Bond Street ",,"£0.042","Switzerland Geneva","Desk Phone"
"02/02/2018 13:35:47","Outbound","02034053382","004538651374","382","75",,"13","Answered","International","106 New Bond Street ",,"£0.03","Denmark ","Desk Phone"
"02/02/2018 13:35:53","Outbound","02034053399","00498967871107","399","104",,"0","Unanswered","International","106 New Bond Street ",,,,"Desk Phone"
"02/02/2018 13:37:08","Outbound","02034053371","00496921611256","371","69",,"0","Unanswered","International","106 New Bond Street ",,,,"Desk Phone"
"02/02/2018 13:38:33","Outbound","02034053371","004539691144","371","12",,"58","Answered","International","106 New Bond Street ",,"£0.046","Denmark ","Desk Phone"
"02/02/2018 13:38:44","Outbound","02034053382","004791002401","382","22",,"206","Answered","International","106 New Bond Street ",,"£0.796","Norway Mobile","Desk Phone"
"02/02/2018 13:39:46","Outbound","02034053376","01279874505","376","12",,"5","Answered","National","106 New Bond Street ",,"£0","UK Bishops Stortford","Desk Phone"
"02/02/2018 13:40:12","Outbound","02034053376","01279874505","376","15",,"0","Unanswered","National","106 New Bond Street ",,,,"Desk Phone"
"02/02/2018 13:40:17","Outbound","02034053371","0041227074717","371","16",,"5","Answered","International","106 New Bond Street ",,"£0.028","Switzerland Geneva","Desk Phone"
"02/02/2018 13:42:56","Outbound","02034053376","0035314751111","376","9",,"19","Answered","International","106 New Bond Street ",,"£0.032","Ireland ","Desk Phone"
"02/02/2018 13:43:09","Outbound","02034053378","0031642026564","378","34",,"3","Answered","International","106 New Bond Street ",,"£0.037","Netherlands Mobile","Desk Phone"
"02/02/2018 13:43:09","Outbound","02034053370","02036979500","392","19",,"68","Answered","National","106 New Bond Street ",,"£0","UK London","Desk Phone"
"02/02/2018 13:43:25","Outbound","02034053376","0035314751111","376","24",,"87","Answered","International","106 New Bond Street ",,"£0.058","Ireland ","Desk Phone"
"02/02/2018 13:43:53","Outbound","02034053399","004686790619","399","10",,"41","Answered","International","106 New Bond Street ",,"£0.042","Sweden ","Desk Phone"
"02/02/2018 13:43:57","Outbound","02034053371","0041415601111","371","30",,"34","Answered","International","106 New Bond Street ",,"£0.043","Switzerland ","Desk Phone"
"02/02/2018 13:45:05","Outbound","02034053399","004686790619","399","13",,"3","Answered","International","106 New Bond Street ",,"£0.026","Sweden ","Desk Phone"
"02/02/2018 13:45:45","Outbound","02034053382","004538651374","382","53",,"57","Answered","International","106 New Bond Street ",,"£0.045","Denmark ","Desk Phone"
"02/02/2018 13:48:25","Outbound","02034053378","0033388594470","378","25",,"187","Answered","International","106 New Bond Street ",,"£0.091","France ","Desk Phone"
"02/02/2018 13:49:25","Outbound","02034053399","0031205436777","399","26",,"30","Answered","International","106 New Bond Street ",,"£0.035","Netherlands ","Desk Phone"
"02/02/2018 13:51:38","Outbound","02034053399","0034914239621","399","26",,"5","Answered","International","106 New Bond Street ",,"£0.027","Spain ","Desk Phone"
"02/02/2018 13:53:44","Outbound","02034053399","0041919229722","399","24",,"19","Answered","International","106 New Bond Street ",,"£0.035","Switzerland ","Desk Phone"
"02/02/2018 13:55:15","Outbound","02034053373","02031785988","373","4",,"6","Answered","National","106 New Bond Street ",,"£0","UK London","Desk Phone"
"02/02/2018 13:55:30","Outbound","02034053373","07827297659","373","26",,"1","Answered","Mobile","106 New Bond Street ",,"£0.04","UK Mobile Vodafone","Desk Phone"
"02/02/2018 13:58:10","Outbound","02034053399","00418992358769","399","20",,"0","Unanswered","International","106 New Bond Street ",,,,"Desk Phone"
"02/02/2018 13:58:31","Outbound","02034053399","00418992358769","399","24",,"0","Unanswered","International","106 New Bond Street ",,,,"Desk Phone"
"02/02/2018 13:59:41","Outbound","02034053399","00498992358740","399","20",,"4","Answered","International","106 New Bond Street ",,"£0.026","Germany ","Desk Phone"
"02/02/2018 14:00:21","Outbound","02034053399","00498992358796","399","20",,"178","Answered","International","106 New Bond Street ",,"£0.086","Germany ","Desk Phone"
"02/02/2018 14:00:31","Outbound","02034053393","02079720300","393","14",,"30","Answered","National","106 New Bond Street ",,"£0","UK London","Desk Phone"
"02/02/2018 14:00:41","Outbound","02034053388","02038754507","388","1",,"1867","Answered","National","SIP Users",,"£0","UK London","Desk Phone"
"02/02/2018 14:01:20","Outbound","02034053393","02079720300","393","19",,"37","Answered","National","106 New Bond Street ",,"£0","UK London","Desk Phone"
"02/02/2018 14:01:25","Outbound","02034053380","02074297706","380","10",,"630","Answered","National","SIP Users",,"£0","UK London","Desk Phone"
"02/02/2018 14:01:58","Outbound","02034053370","0012126241200","385","3",,"11","Answered","International","106 New Bond Street ",,"£0.028","USA ","Desk Phone"
"02/02/2018 14:02:03","Outbound","02034053378","00436644431718","378","37",,"2","Answered","International","106 New Bond Street ",,"£0.032","Austria A1 Mobilcom","Desk Phone"
"02/02/2018 14:02:14","Outbound","02034053370","0012126241200","385","3",,"48","Answered","International","106 New Bond Street ",,"£0.04","USA ","Desk Phone"
"02/02/2018 14:02:30","Outbound","02034053371","0041445853484","371","42",,"0","Unanswered","International","106 New Bond Street ",,,,"Desk Phone"
"02/02/2018 14:02:52","Outbound","02034053370","0019896382215","392","36",,"3","Answered","International","106 New Bond Street ",,"£0.026","USA ","Desk Phone"
"02/02/2018 14:03:46","Outbound","02034053378","0027219406480","378","55",,"0","Unanswered","International","106 New Bond Street ",,,,"Desk Phone"
"02/02/2018 14:03:48","Outbound","02034053370","0012127660112","385","11",,"0","Unanswered","International","106 New Bond Street ",,,,"Desk Phone"
"02/02/2018 14:04:55","Outbound","02034053370","0012128180097","385","33",,"0","Unanswered","International","106 New Bond Street ",,,,"Desk Phone"
"02/02/2018 14:05:12","Outbound","02034053378","0041319601111","378","15",,"410","Answered","International","106 New Bond Street ",,"£0.247","Switzerland ","Desk Phone"
"02/02/2018 14:05:28","Outbound","02034053370","00551138966300","389","12",,"112","Answered","International","SIP Users",,"£0.089","Brazil Sao Paulo","Desk Phone"
"02/02/2018 14:05:33","Outbound","02034053393","0012123831508","393","34",,"0","Answered","International","106 New Bond Street ",,"£0.025","USA ","Desk Phone"
"02/02/2018 14:06:03","Outbound","02034053370","02070783200","370","1",,"495","Answered","National","106 New Bond Street ",,"£0","UK London","Desk Phone"
"02/02/2018 14:06:09","Outbound","02034053370","0013152287488","385","16",,"2","Answered","International","106 New Bond Street ",,"£0.026","USA ","Desk Phone"
"02/02/2018 14:06:49","Outbound","02034053393","02079720300","393","9",,"30","Answered","National","106 New Bond Street ",,"£0","UK London","Desk Phone"
"02/02/2018 14:06:56","Outbound","02034053370","0012126241200","385","3",,"29","Answered","International","106 New Bond Street ",,"£0.034","USA ","Desk Phone"
"02/02/2018 14:07:03","Outbound","02034053399","00418992357149","399","26",,"0","Unanswered","International","106 New Bond Street ",,,,"Desk Phone"
"02/02/2018 14:07:31","Outbound","02034053393","02079720300","393","5",,"39","Answered","National","106 New Bond Street ",,"£0","UK London","Desk Phone"
"02/02/2018 14:07:32","Outbound","02034053399","00418992357149","399","37",,"0","Unanswered","International","106 New Bond Street ",,,,"Desk Phone"
"02/02/2018 14:07:38","Outbound","02034053370","0013152287488","385","5",,"5","Answered","International","106 New Bond Street ",,"£0.027","USA ","Desk Phone"
"02/02/2018 14:08:21","Outbound","02034053370","02075296370","385","1",,"15","Answered","National","106 New Bond Street ",,"£0","UK London","Desk Phone"
"02/02/2018 14:08:30","Outbound","02034053399","00418992357149","399","43",,"0","Unanswered","International","106 New Bond Street ",,,,"Desk Phone"
"02/02/2018 14:08:32","Outbound","02034053370","00442074945151","389","0",,"0","Unanswered","International","SIP Users",,,,"Desk Phone"
"02/02/2018 14:08:38","Outbound","02034053370","02075296370","385","1",,"2","Answered","National","106 New Bond Street ",,"£0","UK London","Desk Phone"
"02/02/2018 14:09:13","Outbound","02034053370","02073890900","389","22",,"17","Answered","National","SIP Users",,"£0","UK London","Desk Phone"
"02/02/2018 14:10:58","Outbound","02034053370","0014169252907","394","29",,"5","Answered","International","106 New Bond Street ",,"£0.027","USA ","Desk Phone"
"02/02/2018 14:11:02","Outbound","02034053370","0015097357507","385","1",,"16","Answered","International","106 New Bond Street ",,"£0.03","USA ","Desk Phone"
"02/02/2018 14:11:27","Outbound","02034053370","0033142890000","389","3",,"165","Answered","International","SIP Users",,"£0.083","France ","Desk Phone"
"02/02/2018 14:12:32","Outbound","02034053371","0041415601111","371","21",,"1006","Answered","International","106 New Bond Street ",,"£0.57","Switzerland ","Desk Phone"
"02/02/2018 14:12:36","Outbound","02034053370","0012259304677","385","2",,"0","Unanswered","International","106 New Bond Street ",,,,"Desk Phone"
"02/02/2018 14:14:12","Outbound","02034053399","0041892357149","399","25",,"0","Unanswered","International","106 New Bond Street ",,,,"Desk Phone"
"02/02/2018 14:14:30","Outbound","02034053370","0018728258610","385","2",,"30","Answered","International","106 New Bond Street ",,"£0.034","USA ","Desk Phone"
"02/02/2018 14:16:34","Outbound","02034053370","0018026607086","385","5",,"0","Unanswered","International","106 New Bond Street ",,,,"Desk Phone"
"02/02/2018 14:16:40","Outbound","02034053382","0017132382050","382","9",,"1","Answered","International","106 New Bond Street ",,"£0.025","USA ","Desk Phone"
"02/02/2018 14:16:42","Outbound","02034053373","02920508000","373","10",,"19","Answered","National","106 New Bond Street ",,"£0","UK Cardiff","Desk Phone"
"02/02/2018 14:16:42","Outbound","02034053370","0018026607086","385","12",,"80","Answered","International","106 New Bond Street ",,"£0.05","USA ","Desk Phone"
"02/02/2018 14:16:56","Outbound","02034053382","0017132382050","382","9",,"1","Answered","International","106 New Bond Street ",,"£0.025","USA ","Desk Phone"
"02/02/2018 14:17:14","Outbound","02034053370","0013367584385","392","38",,"5","Answered","International","106 New Bond Street ",,"£0.027","USA ","Desk Phone"
"02/02/2018 14:17:15","Outbound","02034053382","0017132382050","382","10",,"1","Answered","International","106 New Bond Street ",,"£0.025","USA ","Desk Phone"
"02/02/2018 14:17:22","Outbound","02034053393","00351213101242","393","18",,"47","Answered","International","106 New Bond Street ",,"£0.041","Portugal ","Desk Phone"
"02/02/2018 14:18:00","Outbound","02034053370","0013367584385","392","24",,"6","Answered","International","106 New Bond Street ",,"£0.027","USA ","Desk Phone"
"02/02/2018 14:18:16","Outbound","02034053378","0043151310","378","11",,"0","Unanswered","International","106 New Bond Street ",,,,"Desk Phone"
"02/02/2018 14:18:16","Outbound","02034053379","004357891410","379","13",,"15","Answered","International","106 New Bond Street ",,"£0.032","Austria ","Desk Phone"
"02/02/2018 14:18:30","Outbound","02034053378","0043151310640","378","94",,"0","Unanswered","International","106 New Bond Street ",,,,"Desk Phone"
"02/02/2018 14:19:00","Outbound","02034053370","0019896382215","392","24",,"2","Answered","International","106 New Bond Street ",,"£0.026","USA ","Desk Phone"
"02/02/2018 14:19:16","Outbound","02034053383","0016177286862","383","36",,"2","Answered","International","106 New Bond Street ",,"£0.026","USA ","Desk Phone"
"02/02/2018 14:19:42","Outbound","02034053370","0019896366569","392","88",,"0","Unanswered","International","106 New Bond Street ",,,,"Desk Phone"
"02/02/2018 14:19:46","Outbound","02034053373","01684571255","373","5",,"113","Answered","National","106 New Bond Street ",,"£0","UK Malvern","Desk Phone"
"02/02/2018 14:19:50","Outbound","02034053370","0018009891427","385","4",,"0","Unanswered","International","106 New Bond Street ",,,,"Desk Phone"
"02/02/2018 14:19:55","Outbound","02034053370","0018009891427","385","4",,"70","Answered","International","106 New Bond Street ",,"£0.059","USA Freephone","Desk Phone"
"02/02/2018 14:20:10","Outbound","02034053382","004538651374","382","73",,"0","Unanswered","International","106 New Bond Street ",,,,"Desk Phone"
"02/02/2018 14:20:49","Outbound","02034053399","003223725092","399","24",,"0","Answered","International","106 New Bond Street ",,"£0.025","Belgium ","Desk Phone"
"02/02/2018 14:20:52","Outbound","02034053397","0015168164257","397","44",,"39","Answered","International","106 New Bond Street ",,"£0.037","USA ","Desk Phone"
"02/02/2018 14:21:12","Outbound","02034053378","0041229091919","378","12",,"132","Answered","International","106 New Bond Street ",,"£0.094","Switzerland Geneva","Desk Phone"
"02/02/2018 14:21:16","Outbound","02034053370","0019896361000","392","15",,"178","Answered","International","106 New Bond Street ",,"£0.081","USA ","Desk Phone"
"02/02/2018 14:21:40","Outbound","02034053382","0041442063090","382","19",,"32","Answered","International","106 New Bond Street ",,"£0.042","Switzerland Zurich","Desk Phone"
"02/02/2018 14:21:44","Outbound","02034053383","0012127839500","383","13",,"61","Answered","International","106 New Bond Street ",,"£0.044","USA ","Desk Phone"
"02/02/2018 14:22:05","Outbound","02034053376","0013168285222","376","5",,"46","Answered","International","106 New Bond Street ",,"£0.04","USA ","Desk Phone"
"02/02/2018 14:22:14","Outbound","02034053370","0041229003300","389","6",,"71","Answered","International","SIP Users",,"£0.062","Switzerland Geneva","Desk Phone"
"02/02/2018 14:22:18","Outbound","02034053393","0017042439468","393","28",,"1","Answered","International","106 New Bond Street ",,"£0.025","USA ","Desk Phone"
"02/02/2018 14:22:21","Outbound","02034053370","004684111120","394","24",,"29","Answered","International","106 New Bond Street ",,"£0.037","Sweden ","Desk Phone"
"02/02/2018 14:22:39","Outbound","02034053370","0013342444437","385","2",,"26","Answered","International","106 New Bond Street ",,"£0.033","USA ","Desk Phone"
"02/02/2018 14:23:07","Outbound","02034053393","0014018673991","393","47",,"0","Unanswered","International","106 New Bond Street ",,,,"Desk Phone"
"02/02/2018 14:24:17","Outbound","02034053383","0019144176960","383","17",,"177","Answered","International","106 New Bond Street ",,"£0.081","USA ","Desk Phone"
"02/02/2018 14:24:31","Outbound","02034053370","0012036293000","385","4",,"0","Unanswered","International","106 New Bond Street ",,,,"Desk Phone"
"02/02/2018 14:24:35","Outbound","02034053370","0019896361636","392","21",,"143","Answered","International","106 New Bond Street ",,"£0.07","USA ","Desk Phone"
"02/02/2018 14:24:37","Outbound","02034053373","00442072905907","373","14",,"14","Answered","International","106 New Bond Street ",,"£0","UK London","Desk Phone"
"02/02/2018 14:24:37","Outbound","02034053370","0012036293000","385","9",,"80","Answered","International","106 New Bond Street ",,"£0.05","USA ","Desk Phone"
"02/02/2018 14:25:19","Outbound","02034053373","07500200200","373","22",,"13","Answered","Mobile","106 New Bond Street ",,"£0.058","UK Mobile Vodafone","Desk Phone"
"02/02/2018 14:25:21","Outbound","02034053382","0016315858282","382","24",,"28","Answered","International","106 New Bond Street ",,"£0.034","USA ","Desk Phone"
"02/02/2018 14:25:34","Outbound","02034053399","00418992357149","399","17",,"0","Unanswered","International","106 New Bond Street ",,,,"Desk Phone"
"02/02/2018 14:25:40","Outbound","02034053370","0012032278000","389","7",,"79","Answered","International","SIP Users",,"£0.05","USA ","Desk Phone"
"02/02/2018 14:25:53","Outbound","02034053399","0041899235","399","11",,"0","Unanswered","International","106 New Bond Street ",,,,"Desk Phone"
"02/02/2018 14:26:47","Outbound","02034053399","0041899235","399","15",,"0","Unanswered","International","106 New Bond Street ",,,,"Desk Phone"
"02/02/2018 14:26:52","Outbound","02034053393","0049721155550","393","23",,"0","Unanswered","International","106 New Bond Street ",,,,"Desk Phone"
"02/02/2018 14:27:10","Outbound","02034053399","00418992357149","399","58",,"0","Unanswered","International","106 New Bond Street ",,,,"Desk Phone"
"02/02/2018 14:27:34","Outbound","02034053382","0016315858282","382","34",,"6","Answered","International","106 New Bond Street ",,"£0.027","USA ","Desk Phone"
"02/02/2018 14:28:08","Outbound","02034053376","0018605491674","376","18",,"9","Answered","International","106 New Bond Street ",,"£0.028","USA ","Desk Phone"
"02/02/2018 14:28:29","Outbound","02034053383","0019144176960","383","1",,"45","Answered","International","106 New Bond Street ",,"£0.039","USA ","Desk Phone"
"02/02/2018 14:28:50","Outbound","02034053393","0049721155550","393","2",,"79","Answered","International","106 New Bond Street ",,"£0.052","Germany ","Desk Phone"
"02/02/2018 14:29:11","Outbound","02034053370","0013028312349","385","6",,"0","Unanswered","International","106 New Bond Street ",,,,"Desk Phone"
"02/02/2018 14:29:18","Outbound","02034053370","0013028312349","385","16",,"0","Answered","International","106 New Bond Street ",,"£0.025","USA ","Desk Phone"
"02/02/2018 14:29:27","Outbound","02034053383","001404883","383","10",,"0","Unanswered","International","106 New Bond Street ",,,,"Desk Phone"
"02/02/2018 14:29:38","Outbound","02034053383","0014048832500","383","19",,"179","Answered","International","106 New Bond Street ",,"£0.082","USA ","Desk Phone"
"02/02/2018 14:29:41","Outbound","02034053370","0013028312349","385","20",,"5","Answered","International","106 New Bond Street ",,"£0.027","USA ","Desk Phone"
"02/02/2018 14:30:02","Outbound","02034053379","0041919121060","379","21",,"14","Answered","International","106 New Bond Street ",,"£0.033","Switzerland ","Desk Phone"
"02/02/2018 14:30:08","Outbound","02034053376","0018605491674","376","3",,"8","Answered","International","106 New Bond Street ",,"£0.028","USA ","Desk Phone"
"02/02/2018 14:30:35","Outbound","02034053370","0041584704000","389","3",,"99","Answered","International","SIP Users",,"£0.079","Switzerland ","Desk Phone"
"02/02/2018 14:30:56","Outbound","02034053382","0013459461409","382","19",,"572","Answered","International","106 New Bond Street ",,"£2.318","Cayman Islands ","Desk Phone"
"02/02/2018 14:30:58","Outbound","02034053370","0014076741270","385","1",,"33","Answered","International","106 New Bond Street ",,"£0.035","USA ","Desk Phone"
"02/02/2018 14:30:59","Outbound","02034053376","003168284831","376","28",,"0","Unanswered","International","106 New Bond Street ",,,,"Desk Phone"
"02/02/2018 14:31:22","Outbound","02034053393","0016082662381","393","17",,"36","Answered","International","106 New Bond Street ",,"£0.036","USA ","Desk Phone"
"02/02/2018 14:31:45","Outbound","02034053370","0014076741247","385","6",,"4","Answered","International","106 New Bond Street ",,"£0.026","USA ","Desk Phone"
"02/02/2018 14:31:54","Outbound","02034053376","0013168284831","376","37",,"8","Answered","International","106 New Bond Street ",,"£0.028","USA ","Desk Phone"
"02/02/2018 14:31:56","Outbound","02034053378","0033153150008","378","10",,"0","Unanswered","International","106 New Bond Street ",,,,"Desk Phone"
"02/02/2018 14:32:07","Outbound","02034053378","0033153157000","378","15",,"49","Answered","International","106 New Bond Street ",,"£0.042","France ","Desk Phone"
"02/02/2018 14:32:35","Outbound","02034053388","03302210088","388","1",,"2601","Answered","National","SIP Users",,"£0","UK National Non Geographic","Desk Phone"
"02/02/2018 14:32:43","Outbound","02034053376","0013168285222","376","5",,"92","Answered","International","106 New Bond Street ",,"£0.054","USA ","Desk Phone"
"02/02/2018 14:32:50","Outbound","02034053370","0018479054400","389","7",,"158","Answered","International","SIP Users",,"£0.075","USA ","Desk Phone"
"02/02/2018 14:32:57","Outbound","02034053393","0018002227377","393","14",,"26","Answered","International","106 New Bond Street ",,"£0.038","USA Freephone","Desk Phone"
"02/02/2018 14:33:36","Outbound","02034053371","0047475601111","371","17",,"0","Unanswered","International","106 New Bond Street ",,,,"Desk Phone"
"02/02/2018 14:33:39","Outbound","02034053393","0018002227377","393","5",,"843","Answered","International","106 New Bond Street ",,"£0.432","USA Freephone","Desk Phone"
"02/02/2018 14:33:44","Outbound","02034053378","004921154066639","378","96",,"0","Unanswered","International","106 New Bond Street ",,,,"Desk Phone"
"02/02/2018 14:33:58","Outbound","02034053383","0014048832500","383","6",,"46","Answered","International","106 New Bond Street ",,"£0.04","USA ","Desk Phone"
"02/02/2018 14:34:28","Outbound","02034053373","01382229222","373","11",,"16","Answered","National","106 New Bond Street ",,"£0","UK Dundee","Desk Phone"
"02/02/2018 14:34:28","Outbound","02034053371","0041415601111","371","55",,"0","Unanswered","International","106 New Bond Street ",,,,"Desk Phone"
"02/02/2018 14:35:03","Outbound","02034053383","0014048832500","383","2",,"23","Answered","International","106 New Bond Street ",,"£0.032","USA ","Desk Phone"
"02/02/2018 14:35:44","Outbound","02034053373","00448456053060","373","17",,"17","Answered","International","106 New Bond Street ",,"£0.019","UK NGCS SC006","Desk Phone"
"02/02/2018 14:35:51","Outbound","02034053399","00442070164054","399","18",,"52","Answered","International","106 New Bond Street ",,"£0","UK London","Desk Phone"
"02/02/2018 14:35:58","Outbound","02034053370","02075145400","389","5",,"101","Answered","National","SIP Users",,"£0","UK London","Desk Phone"
"02/02/2018 14:36:36","Outbound","02034053383","0014048832500","383","6",,"45","Answered","International","106 New Bond Street ",,"£0.039","USA ","Desk Phone"
"02/02/2018 14:36:37","Outbound","02034053378","0041223188800","378","17",,"67","Answered","International","106 New Bond Street ",,"£0.06","Switzerland Geneva","Desk Phone"
"02/02/2018 14:37:19","Outbound","02034053370","0016467324702","394","4",,"8","Answered","International","106 New Bond Street ",,"£0.028","USA ","Desk Phone"
"02/02/2018 14:37:33","Outbound","02034053370","0016467324702","394","3",,"9","Answered","International","106 New Bond Street ",,"£0.028","USA ","Desk Phone"
"02/02/2018 14:37:51","Outbound","02034053383","0014048832500","383","2",,"36","Answered","International","106 New Bond Street ",,"£0.036","USA ","Desk Phone"
"02/02/2018 14:38:47","Outbound","02034053378","00448000665433","378","14",,"186","Answered","International","106 New Bond Street ",,"£0","UK Freephone","Desk Phone"
"02/02/2018 14:39:06","Outbound","02034053370","0019896361000","392","8",,"28","Answered","International","106 New Bond Street ",,"£0.034","USA ","Desk Phone"
"02/02/2018 14:39:43","Outbound","02034053370","0019896361000","392","3",,"87","Answered","International","106 New Bond Street ",,"£0.052","USA ","Desk Phone"
"02/02/2018 14:40:45","Outbound","02034053371","01132848054","371","16",,"0","Unanswered","National","106 New Bond Street ",,,,"Desk Phone"
"02/02/2018 14:41:14","Outbound","02034053370","003583311511","389","3",,"18","Answered","International","SIP Users",,"£0.042","Finland ","Desk Phone"
"02/02/2018 14:41:20","Outbound","02034053371","01132848054","371","21",,"13","Answered","National","106 New Bond Street ",,"£0","UK Leeds","Desk Phone"
"02/02/2018 14:41:59","Outbound","02034053371","00441132848054","371","24",,"27","Answered","International","106 New Bond Street ",,"£0","UK Leeds","Desk Phone"
"02/02/2018 14:42:32","Outbound","02034053382","0013459461409","382","27",,"97","Answered","International","106 New Bond Street ",,"£0.414","Cayman Islands ","Desk Phone"
"02/02/2018 14:42:52","Outbound","02034053370","003225357457","389","2",,"195","Answered","International","SIP Users",,"£0.126","Belgium ","Desk Phone"
"02/02/2018 14:44:05","Outbound","02034053399","00442075622991","399","32",,"4","Answered","International","106 New Bond Street ",,"£0","UK London","Desk Phone"
"02/02/2018 14:45:26","Outbound","02034053378","00302106289121","378","34",,"5","Answered","International","106 New Bond Street ",,"£0.027","Greece ","Desk Phone"
"02/02/2018 14:45:44","Outbound","02034053399","0033155615511","399","36",,"1","Answered","International","106 New Bond Street ",,"£0.025","France ","Desk Phone"
"02/02/2018 14:46:08","Outbound","02034053379","00390277001","379","12",,"0","Unanswered","International","106 New Bond Street ",,,,"Desk Phone"
"02/02/2018 14:46:54","Outbound","02034053378","00302106289100","378","22",,"38","Answered","International","106 New Bond Street ",,"£0.044","Greece ","Desk Phone"
"02/02/2018 14:47:15","Outbound","02034053370","0018008101119","385","14",,"0","Unanswered","International","106 New Bond Street ",,,,"Desk Phone"
"02/02/2018 14:47:31","Outbound","02034053370","0018008101119","385","12",,"36","Answered","International","106 New Bond Street ",,"£0.042","USA Freephone","Desk Phone"
"02/02/2018 14:48:46","Outbound","02034053370","0013365101550","392","53",,"35","Answered","International","106 New Bond Street ",,"£0.036","USA ","Desk Phone"
"02/02/2018 14:49:18","Outbound","02034053393","0041443331111","393","22",,"23","Answered","International","106 New Bond Street ",,"£0.037","Switzerland Zurich","Desk Phone"
"02/02/2018 14:49:21","Outbound","02034053383","0016178787718","383","14",,"2","Answered","International","106 New Bond Street ",,"£0.026","USA ","Desk Phone"
"02/02/2018 14:50:06","Outbound","02034053383","0016162345000","383","18",,"50","Answered","International","106 New Bond Street ",,"£0.041","USA ","Desk Phone"
"02/02/2018 14:50:16","Outbound","02034053370","0013365101550","392","39",,"59","Answered","International","106 New Bond Street ",,"£0.044","USA ","Desk Phone"
"02/02/2018 14:50:41","Outbound","02034053370","0018007863309","385","8",,"38","Answered","International","106 New Bond Street ",,"£0.043","USA Freephone","Desk Phone"
"02/02/2018 14:50:50","Outbound","02034053393","0016473527399","393","27",,"891","Answered","International","106 New Bond Street ",,"£0.339","Canada ","Desk Phone"
"02/02/2018 14:51:09","Outbound","02034053399","0033155615511","399","35",,"2","Answered","International","106 New Bond Street ",,"£0.026","France ","Desk Phone"
"02/02/2018 14:51:22","Outbound","02034053371","0012039876132","371","23",,"25","Answered","International","106 New Bond Street ",,"£0.033","USA ","Desk Phone"
"02/02/2018 14:51:24","Outbound","02034053383","0019012221955","383","32",,"2","Answered","International","106 New Bond Street ",,"£0.026","USA ","Desk Phone"
"02/02/2018 14:51:58","Outbound","02034053382","0017132382050","382","10",,"1","Answered","International","106 New Bond Street ",,"£0.025","USA ","Desk Phone"
"02/02/2018 14:52:14","Outbound","02034053382","0017132382050","382","9",,"1","Answered","International","106 New Bond Street ",,"£0.025","USA ","Desk Phone"
"02/02/2018 14:52:21","Outbound","02034053370","0013367584240","392","21",,"35","Answered","International","106 New Bond Street ",,"£0.036","USA ","Desk Phone"
"02/02/2018 14:52:34","Outbound","02034053371","0016464736500","371","13",,"4","Answered","International","106 New Bond Street ",,"£0.026","USA ","Desk Phone"
"02/02/2018 14:52:38","Outbound","02034053382","0017132382050","382","9",,"1","Answered","International","106 New Bond Street ",,"£0.025","USA ","Desk Phone"
"02/02/2018 14:52:50","Outbound","02034053399","004687881456","399","58",,"20","Answered","International","106 New Bond Street ",,"£0.033","Sweden ","Desk Phone"
"02/02/2018 14:53:36","Outbound","02034053371","0014104725388","371","16",,"30","Answered","International","106 New Bond Street ",,"£0.034","USA ","Desk Phone"
"02/02/2018 14:53:46","Outbound","02034053370","0012028100267","385","17",,"5","Answered","International","106 New Bond Street ",,"£0.027","USA ","Desk Phone"
"02/02/2018 14:53:58","Outbound","02034053379","00390276451292","379","56",,"0","Unanswered","International","106 New Bond Street ",,,,"Desk Phone"
"02/02/2018 14:54:10","Outbound","02034053370","0012028100267","385","18",,"1","Answered","International","106 New Bond Street ",,"£0.025","USA ","Desk Phone"
"02/02/2018 14:54:27","Outbound","02034053373","02030516470","373","9",,"0","Unanswered","National","106 New Bond Street ",,,,"Desk Phone"
"02/02/2018 14:54:32","Outbound","02034053370","0013123648945","392","33",,"4","Answered","International","106 New Bond Street ",,"£0.026","USA ","Desk Phone"
"02/02/2018 14:54:37","Outbound","02034053373","02030516450","373","33",,"0","Unanswered","National","106 New Bond Street ",,,,"Desk Phone"
"02/02/2018 14:54:39","Outbound","02034053370","0012023625483","385","32",,"2","Answered","International","106 New Bond Street ",,"£0.026","USA ","Desk Phone"
"02/02/2018 14:54:43","Outbound","02034053378","00442072359012","378","33",,"31","Answered","International","106 New Bond Street ",,"£0","UK London","Desk Phone"
"02/02/2018 14:55:11","Outbound","02034053370","0013122361600","392","16",,"61","Answered","International","106 New Bond Street ",,"£0.044","USA ","Desk Phone"
"02/02/2018 14:55:29","Outbound","02034053373","00442074957784","373","10",,"10","Answered","International","106 New Bond Street ",,"£0","UK London","Desk Phone"
"02/02/2018 14:55:38","Outbound","02034053383","0018007389622","383","14",,"28","Answered","International","106 New Bond Street ",,"£0.038","USA Freephone","Desk Phone"
"02/02/2018 14:55:48","Outbound","02034053370","0012123085916","389","2",,"0","Unanswered","International","SIP Users",,,,"Desk Phone"
"02/02/2018 14:55:49","Outbound","02034053376","0013168286231","376","23",,"0","Unanswered","International","106 New Bond Street ",,,,"Desk Phone"
"02/02/2018 14:55:50","Outbound","02034053379","00492115421070","379","23",,"0","Unanswered","International","106 New Bond Street ",,,,"Desk Phone"
"02/02/2018 14:56:06","Outbound","02034053373","07975831442","373","11",,"8","Answered","Mobile","106 New Bond Street ",,"£0.051","UK Mobile Orange","Desk Phone"
"02/02/2018 14:56:10","Outbound","02034053378","00390243351501","378","36",,"0","Unanswered","International","106 New Bond Street ",,,,"Desk Phone"
"02/02/2018 14:56:40","Outbound","02034053399","0046878810000","399","13",,"0","Unanswered","International","106 New Bond Street ",,,,"Desk Phone"
"02/02/2018 14:57:00","Outbound","02034053399","0037069840095","399","17",,"0","Unanswered","International","106 New Bond Street ",,,,"Desk Phone"
"02/02/2018 14:57:01","Outbound","02034053378","0039289092627","378","12",,"0","Unanswered","International","106 New Bond Street ",,,,"Desk Phone"
"02/02/2018 14:57:11","Outbound","02034053370","0041417254090","394","30",,"0","Unanswered","International","106 New Bond Street ",,,,"Desk Phone"
"02/02/2018 14:57:20","Outbound","02034053371","0016176952108","371","28",,"5","Answered","International","106 New Bond Street ",,"£0.027","USA ","Desk Phone"
"02/02/2018 14:57:41","Outbound","02034053383","0017347808041","383","44",,"3","Answered","International","106 New Bond Street ",,"£0.026","USA ","Desk Phone"
"02/02/2018 14:57:45","Outbound","02034053378","0039289092627","378","10",,"0","Unanswered","International","106 New Bond Street ",,,,"Desk Phone"
"02/02/2018 14:58:15","Outbound","02034053370","0012028722000","385","5",,"51","Answered","International","106 New Bond Street ",,"£0.041","USA ","Desk Phone"
"02/02/2018 14:58:24","Outbound","02034053371","0018004580811","371","19",,"38","Answered","International","106 New Bond Street ",,"£0.043","USA Freephone","Desk Phone"
"02/02/2018 14:58:57","Outbound","02034053378","00442078711512","378","9",,"3","Answered","International","106 New Bond Street ",,"£0","UK London","Desk Phone"
"02/02/2018 14:59:02","Outbound","02034053383","0012049862516","383","22",,"16","Answered","International","106 New Bond Street ",,"£0.031","Canada ","Desk Phone"
"02/02/2018 14:59:18","Outbound","02034053370","0012028722000","385","5",,"54","Answered","International","106 New Bond Street ",,"£0.042","USA ","Desk Phone"
"02/02/2018 14:59:37","Outbound","02034053378","00447785903900","378","75",,"0","Unanswered","International","106 New Bond Street ",,,,"Desk Phone"
"02/02/2018 14:59:44","Outbound","02034053383","0012049862516","383","23",,"20","Answered","International","106 New Bond Street ",,"£0.032","Canada ","Desk Phone"
"02/02/2018 15:00:01","Outbound","02034053371","0012026870045","371","34",,"0","Unanswered","International","106 New Bond Street ",,,,"Desk Phone"
"02/02/2018 15:00:15","Outbound","02034053399","00442075622991","399","31",,"5","Answered","International","106 New Bond Street ",,"£0","UK London","Desk Phone"
"02/02/2018 15:01:28","Outbound","02034053383","0012049862516","383","15",,"5","Answered","International","106 New Bond Street ",,"£0.027","Canada ","Desk Phone"
"02/02/2018 15:01:34","Outbound","02034053373","00442073996565","373","18",,"34","Answered","International","106 New Bond Street ",,"£0","UK London","Desk Phone"
"02/02/2018 15:01:36","Outbound","02034053378","003544104040","378","11",,"12","Answered","International","106 New Bond Street ",,"£0.032","Iceland ","Desk Phone"
"02/02/2018 15:02:09","Outbound","02034053370","0019372644600","385","5",,"34","Answered","International","106 New Bond Street ",,"£0.036","USA ","Desk Phone"
"02/02/2018 15:02:12","Outbound","02034053378","003544106662","378","50",,"0","Unanswered","International","106 New Bond Street ",,,,"Desk Phone"
"02/02/2018 15:02:14","Outbound","02034053397","07393900216","397","18",,"994","Answered","Mobile","106 New Bond Street ",,"£1.513","UK Mobile Vodafone","Desk Phone"
"02/02/2018 15:02:17","Outbound","02034053379","0031206645197","379","17",,"291","Answered","International","106 New Bond Street ",,"£0.122","Netherlands ","Desk Phone"
"02/02/2018 15:02:19","Outbound","02034053370","00442074121700","389","5",,"342","Answered","International","SIP Users",,"£0","UK London","Desk Phone"
"02/02/2018 15:03:01","Outbound","02034053373","02030516450","373","50",,"0","Unanswered","National","106 New Bond Street ",,,,"Desk Phone"
"02/02/2018 15:03:30","Outbound","02034053383","0016783021188","383","36",,"1","Answered","International","106 New Bond Street ",,"£0.025","USA ","Desk Phone"
"02/02/2018 15:03:37","Outbound","02034053370","0012028722000","385","6",,"38","Answered","International","106 New Bond Street ",,"£0.037","USA ","Desk Phone"
"02/02/2018 15:03:58","Outbound","02034053371","00555133232000","371","25",,"8","Answered","International","106 New Bond Street ",,"£0.035","Brazil ","Desk Phone"
"02/02/2018 15:04:35","Outbound","02034053380","02074297706","380","7",,"68","Answered","National","SIP Users",,"£0","UK London","Desk Phone"
"02/02/2018 15:04:38","Outbound","02034053371","00555133232000","371","29",,"7","Answered","International","106 New Bond Street ",,"£0.034","Brazil ","Desk Phone"
"02/02/2018 15:05:06","Outbound","02034053378","00442075624800","378","22",,"24","Answered","International","106 New Bond Street ",,"£0","UK London","Desk Phone"
"02/02/2018 15:05:27","Outbound","02034053373","00442077991660","373","10",,"253","Answered","International","106 New Bond Street ",,"£0","UK London","Desk Phone"
"02/02/2018 15:06:11","Outbound","02034053393","0016473527399","393","14",,"151","Answered","International","106 New Bond Street ",,"£0.078","Canada ","Desk Phone"
"02/02/2018 15:06:13","Outbound","02034053370","0016142495511","385","2",,"0","Unanswered","International","106 New Bond Street ",,,,"Desk Phone"
"02/02/2018 15:06:23","Outbound","02034053370","0016142495511","385","18",,"6","Answered","International","106 New Bond Street ",,"£0.027","USA ","Desk Phone"
"02/02/2018 15:06:33","Outbound","02034053383","0012075123100","383","17",,"33","Answered","International","106 New Bond Street ",,"£0.035","USA ","Desk Phone"
"02/02/2018 15:07:10","Outbound","02034053370","02920264127","370","10",,"839","Answered","National","106 New Bond Street ",,"£0","UK Cardiff","Desk Phone"
"02/02/2018 15:07:24","Outbound","02034053371","0019204333038","371","30",,"2","Answered","International","106 New Bond Street ",,"£0.026","USA ","Desk Phone"
"02/02/2018 15:07:28","Outbound","02034053383","0015173237000","383","13",,"46","Answered","International","106 New Bond Street ",,"£0.04","USA ","Desk Phone"
"02/02/2018 15:08:35","Outbound","02034053383","0019896361000","383","16",,"25","Answered","International","106 New Bond Street ",,"£0.033","USA ","Desk Phone"
"02/02/2018 15:08:40","Outbound","02034053371","0016462921211","371","30",,"0","Unanswered","International","106 New Bond Street ",,,,"Desk Phone"
"02/02/2018 15:09:13","Outbound","02034053393","02079720300","393","10",,"32","Answered","National","106 New Bond Street ",,"£0","UK London","Desk Phone"
"02/02/2018 15:09:17","Outbound","02034053383","0019896361000","383","3",,"53","Answered","International","106 New Bond Street ",,"£0.042","USA ","Desk Phone"
"02/02/2018 15:09:57","Outbound","02034053393","02079720300","393","6",,"30","Answered","National","106 New Bond Street ",,"£0","UK London","Desk Phone"
"02/02/2018 15:10:28","Outbound","02034053383","0018007676377","383","21",,"70","Answered","International","106 New Bond Street ",,"£0.059","USA Freephone","Desk Phone"
"02/02/2018 15:10:37","Outbound","02034053371","0041223187810","371","31",,"34","Answered","International","106 New Bond Street ",,"£0.043","Switzerland Geneva","Desk Phone"
"02/02/2018 15:12:01","Outbound","02034053383","0018007676377","383","9",,"76","Answered","International","106 New Bond Street ",,"£0.062","USA Freephone","Desk Phone"
"02/02/2018 15:12:18","Outbound","02034053370","0014406839200","385","6",,"9","Answered","International","106 New Bond Street ",,"£0.028","USA ","Desk Phone"
"02/02/2018 15:12:34","Outbound","02034053370","0014406839200","385","5",,"144","Answered","International","106 New Bond Street ",,"£0.07","USA ","Desk Phone"
"02/02/2018 15:12:56","Outbound","02034053371","0017136518863","371","29",,"6","Answered","International","106 New Bond Street ",,"£0.027","USA ","Desk Phone"
"02/02/2018 15:14:29","Outbound","02034053370","0039288219700","389","0",,"0","Unanswered","International","SIP Users",,,,"Desk Phone"
"02/02/2018 15:15:22","Outbound","02034053379","0041225442590","379","31",,"0","Unanswered","International","106 New Bond Street ",,,,"Desk Phone"
"02/02/2018 15:16:06","Outbound","02034053379","0041225442590","379","19",,"48","Answered","International","106 New Bond Street ",,"£0.05","Switzerland Geneva","Desk Phone"
"02/02/2018 15:16:23","Outbound","02034053383","0018007676377","383","9",,"59","Answered","International","106 New Bond Street ",,"£0.054","USA Freephone","Desk Phone"
"02/02/2018 15:16:27","Outbound","02034053370","0012125900838","392","29",,"6","Answered","International","106 New Bond Street ",,"£0.027","USA ","Desk Phone"
"02/02/2018 15:17:29","Outbound","02034053370","0012127508300","392","39",,"49","Answered","International","106 New Bond Street ",,"£0.04","USA ","Desk Phone"
"02/02/2018 15:17:53","Outbound","02034053371","0017035186125","371","31",,"2","Answered","International","106 New Bond Street ",,"£0.026","USA ","Desk Phone"
"02/02/2018 15:18:28","Outbound","02034053383","0014023422265","383","17",,"48","Answered","International","106 New Bond Street ",,"£0.04","USA ","Desk Phone"
"02/02/2018 15:20:04","Outbound","02034053370","0014105375400","392","20",,"32","Answered","International","106 New Bond Street ",,"£0.035","USA ","Desk Phone"
"02/02/2018 15:22:51","Outbound","02034053370","03431782743","370","9",,"51","Answered","National","106 New Bond Street ",,"£0","UK National Non Geographic","Desk Phone"
"02/02/2018 15:24:09","Outbound","02034053370","02083152050","370","16",,"190","Answered","National","106 New Bond Street ",,"£0","UK London","Desk Phone"
"02/02/2018 15:24:38","Outbound","02034053383","0012183465700","383","19",,"44","Answered","International","106 New Bond Street ",,"£0.039","USA ","Desk Phone"
"02/02/2018 15:24:50","Outbound","02034053397","0015168164257","397","18",,"16","Answered","International","106 New Bond Street ",,"£0.03","USA ","Desk Phone"
"02/02/2018 15:25:58","Outbound","02034053371","0012149326852","371","28",,"1","Answered","International","106 New Bond Street ",,"£0.025","USA ","Desk Phone"
"02/02/2018 15:27:00","Outbound","02034053383","0012485192011","383","20",,"15","Answered","International","106 New Bond Street ",,"£0.03","USA ","Desk Phone"
"02/02/2018 15:28:18","Outbound","02034053397","0015166275575","397","22",,"675","Answered","International","106 New Bond Street ",,"£0.238","USA ","Desk Phone"
"02/02/2018 15:29:54","Outbound","02034053388","02075412850","388","10",,"217","Answered","National","SIP Users",,"£0","UK London","Desk Phone"
"02/02/2018 15:30:30","Outbound","02034053399","00491736535495","399","25",,"605","Answered","International","106 New Bond Street ",,"£2.239","Germany Mobile D2 Net","Desk Phone"
"02/02/2018 15:31:10","Outbound","02034053373","0012016538913","373","29",,"7","Answered","International","106 New Bond Street ",,"£0.027","USA ","Desk Phone"
"02/02/2018 15:31:26","Outbound","02034053370","02074217444","370","4",,"80","Answered","National","106 New Bond Street ",,"£0","UK London","Desk Phone"
"02/02/2018 15:31:40","Outbound","02034053382","004538651374","382","55",,"47","Answered","International","106 New Bond Street ",,"£0.042","Denmark ","Desk Phone"
"02/02/2018 15:32:52","Outbound","02034053370","02074217444","370","2",,"82","Answered","National","106 New Bond Street ",,"£0","UK London","Desk Phone"
"02/02/2018 15:32:56","Outbound","02034053383","0013125442617","383","33",,"3","Answered","International","106 New Bond Street ",,"£0.026","USA ","Desk Phone"
"02/02/2018 15:33:43","Outbound","02034053382","0041227870790","382","23",,"17","Answered","International","106 New Bond Street ",,"£0.034","Switzerland Geneva","Desk Phone"
"02/02/2018 15:34:48","Outbound","02034053383","0016123764500","383","12",,"31","Answered","International","106 New Bond Street ",,"£0.035","USA ","Desk Phone"
"02/02/2018 15:35:45","Outbound","02034053370","0013523921693","385","0",,"0","Unanswered","International","106 New Bond Street ",,,,"Desk Phone"
"02/02/2018 15:35:51","Outbound","02034053370","0013523921693","385","18",,"6","Answered","International","106 New Bond Street ",,"£0.027","USA ","Desk Phone"
"02/02/2018 15:35:54","Outbound","02034053370","0012532721972","392","45",,"5","Answered","International","106 New Bond Street ",,"£0.027","USA ","Desk Phone"
"02/02/2018 15:35:56","Outbound","02034053383","0018607579113","383","35",,"1","Answered","International","106 New Bond Street ",,"£0.025","USA ","Desk Phone"
"02/02/2018 15:36:51","Outbound","02034053370","0012532721972","392","30",,"8","Answered","International","106 New Bond Street ",,"£0.028","USA ","Desk Phone"
"02/02/2018 15:36:59","Outbound","02034053383","0018003311476","383","17",,"15","Answered","International","106 New Bond Street ",,"£0.032","USA Freephone","Desk Phone"
"02/02/2018 15:37:24","Outbound","02034053370","0014077344204","385","0",,"3","Answered","International","106 New Bond Street ",,"£0.026","USA ","Desk Phone"
"02/02/2018 15:37:54","Outbound","02034053383","0017347808041","383","46",,"3","Answered","International","106 New Bond Street ",,"£0.026","USA ","Desk Phone"
"02/02/2018 15:38:58","Outbound","02034053383","0014164084626","383","16",,"74","Answered","International","106 New Bond Street ",,"£0.048","USA ","Desk Phone"
"02/02/2018 15:40:06","Outbound","02034053379","0034917705974","379","19",,"125","Answered","International","106 New Bond Street ",,"£0.067","Spain ","Desk Phone"
"02/02/2018 15:40:09","Outbound","02034053370","0012532721972","392","27",,"5","Answered","International","106 New Bond Street ",,"£0.027","USA ","Desk Phone"
"02/02/2018 15:40:43","Outbound","02034053370","00390288291","389","0",,"0","Unanswered","International","SIP Users",,,,"Desk Phone"
"02/02/2018 15:40:52","Outbound","02034053370","0039288291729","389","0",,"0","Unanswered","International","SIP Users",,,,"Desk Phone"
"02/02/2018 15:41:19","Outbound","02034053370","0039288291","389","0",,"0","Unanswered","International","SIP Users",,,,"Desk Phone"
"02/02/2018 15:42:24","Outbound","02034053383","0016512245463","383","21",,"20","Answered","International","106 New Bond Street ",,"£0.031","USA ","Desk Phone"
"02/02/2018 15:43:32","Outbound","02034053383","0016512249635","383","25",,"15","Answered","International","106 New Bond Street ",,"£0.03","USA ","Desk Phone"
"02/02/2018 15:43:48","Outbound","02034053370","0014042537668","385","9",,"0","Unanswered","International","106 New Bond Street ",,,,"Desk Phone"
"02/02/2018 15:43:50","Outbound","02034053370","02070783200","370","0",,"63","Answered","National","106 New Bond Street ",,"£0","UK London","Desk Phone"
"02/02/2018 15:44:22","Outbound","02034053370","0014042537668","385","19",,"4","Answered","International","106 New Bond Street ",,"£0.026","USA ","Desk Phone"
"02/02/2018 15:44:31","Outbound","02034053383","0015173733140","383","19",,"16","Answered","International","106 New Bond Street ",,"£0.03","USA ","Desk Phone"
"02/02/2018 15:47:15","Outbound","02034053370","0039288219700","389","0",,"0","Unanswered","International","SIP Users",,,,"Desk Phone"
"02/02/2018 15:48:47","Outbound","02034053370","00442074945151","389","0",,"0","Unanswered","International","SIP Users",,,,"Desk Phone"
"02/02/2018 15:49:06","Outbound","02034053376","0012132440000","376","6",,"239","Answered","International","106 New Bond Street ",,"£0.101","USA ","Desk Phone"
"02/02/2018 15:49:47","Outbound","02034053370","02078421200","370","12",,"225","Answered","National","106 New Bond Street ",,"£0","UK London","Desk Phone"
"02/02/2018 15:50:22","Outbound","02034053378","00302106289100","378","25",,"405","Answered","International","106 New Bond Street ",,"£0.223","Greece ","Desk Phone"
"02/02/2018 15:50:25","Outbound","02034053383","0016783021188","383","35",,"1","Answered","International","106 New Bond Street ",,"£0.025","USA ","Desk Phone"
"02/02/2018 15:52:27","Outbound","02034053379","0034915869300","379","21",,"229","Answered","International","106 New Bond Street ",,"£0.102","Spain ","Desk Phone"
"02/02/2018 15:53:01","Outbound","02034053383","0014048699722","383","29",,"32","Answered","International","106 New Bond Street ",,"£0.035","USA ","Desk Phone"
"02/02/2018 15:53:37","Outbound","02034053371","0041415601111","371","25",,"14","Answered","International","106 New Bond Street ",,"£0.033","Switzerland ","Desk Phone"
"02/02/2018 15:53:46","Outbound","02034053373","0016173579600","373","11",,"0","Unanswered","International","106 New Bond Street ",,,,"Desk Phone"
"02/02/2018 15:54:02","Outbound","02034053373","0016173579600","373","20",,"54","Answered","International","106 New Bond Street ",,"£0.042","USA ","Desk Phone"
"02/02/2018 15:54:49","Outbound","02034053370","0034917029200","389","62",,"0","Unanswered","International","SIP Users",,,,"Desk Phone"
"02/02/2018 15:55:02","Outbound","02034053383","0016305454820","383","37",,"2","Answered","International","106 New Bond Street ",,"£0.026","USA ","Desk Phone"
"02/02/2018 15:55:45","Outbound","02034053398","02075354990","398","24",,"27","Answered","National","106 New Bond Street ",,"£0","UK London","Desk Phone"
"02/02/2018 15:56:43","Outbound","02034053398","07802484732","398","24",,"16","Answered","Mobile","106 New Bond Street ",,"£0.063","UK Mobile O2","Desk Phone"
"02/02/2018 15:58:20","Outbound","02034053393","0014018673991","393","24",,"1","Answered","International","106 New Bond Street ",,"£0.025","USA ","Desk Phone"
"02/02/2018 15:58:50","Outbound","02034053393","0017042439468","393","34",,"0","Unanswered","International","106 New Bond Street ",,,,"Desk Phone"
"02/02/2018 15:59:18","Outbound","02034053370","0013097935565","385","25",,"5","Answered","International","106 New Bond Street ",,"£0.027","USA ","Desk Phone"
"02/02/2018 15:59:20","Outbound","02034053398","02075634800","398","11",,"0","Unanswered","National","106 New Bond Street ",,,,"Desk Phone"
"02/02/2018 15:59:26","Outbound","02034053393","0017042439468","393","18",,"1","Answered","International","106 New Bond Street ",,"£0.025","USA ","Desk Phone"
"02/02/2018 16:00:44","Outbound","02034053370","02075203809","370","6",,"22","Answered","National","106 New Bond Street ",,"£0","UK London","Desk Phone"
"02/02/2018 16:01:09","Outbound","02034053383","0019729735792","383","50",,"3","Answered","International","106 New Bond Street ",,"£0.026","USA ","Desk Phone"
"02/02/2018 16:02:59","Outbound","02034053398","02037535557","398","30",,"85","Answered","National","106 New Bond Street ",,"£0","UK London","Desk Phone"
"02/02/2018 16:03:41","Outbound","02034053382","0041442082560","382","44",,"0","Unanswered","International","106 New Bond Street ",,,,"Desk Phone"
"02/02/2018 16:04:34","Outbound","02034053379","0041586806310","379","26",,"145","Answered","International","106 New Bond Street ",,"£0.104","Switzerland ","Desk Phone"
"02/02/2018 16:04:46","Outbound","02034053383","0013128962525","383","35",,"35","Answered","International","106 New Bond Street ",,"£0.036","USA ","Desk Phone"
"02/02/2018 16:04:48","Outbound","02034053370","0016469929052","389","46",,"3","Answered","International","SIP Users",,"£0.026","USA ","Desk Phone"
"02/02/2018 16:04:55","Outbound","02034053398","07879603730","398","22",,"568","Answered","Mobile","106 New Bond Street ",,"£0.882","UK Mobile Vodafone","Desk Phone"
"02/02/2018 16:06:27","Outbound","02034053383","0018479488500","383","17",,"235","Answered","International","106 New Bond Street ",,"£0.099","USA ","Desk Phone"
"02/02/2018 16:07:22","Outbound","02034053370","0015036205329","389","4",,"103","Answered","International","SIP Users",,"£0.058","USA ","Desk Phone"
"02/02/2018 16:08:35","Outbound","02034053370","0017656534978","385","5",,"7","Answered","International","106 New Bond Street ",,"£0.027","USA ","Desk Phone"
"02/02/2018 16:08:42","Outbound","02034053382","0041912613800","382","14",,"0","Unanswered","International","106 New Bond Street ",,,,"Desk Phone"
"02/02/2018 16:08:49","Outbound","02034053370","0017656534978","385","6",,"167","Answered","International","106 New Bond Street ",,"£0.078","USA ","Desk Phone"
"02/02/2018 16:11:56","Outbound","02034053383","0018479488500","383","2",,"65","Answered","International","106 New Bond Street ",,"£0.046","USA ","Desk Phone"
"02/02/2018 16:12:08","Outbound","02034053399","00442075622991","399","31",,"2","Answered","International","106 New Bond Street ",,"£0","UK London","Desk Phone"
"02/02/2018 16:12:28","Outbound","02034053370","0019706884188","389","26",,"26","Answered","International","SIP Users",,"£0.033","USA ","Desk Phone"
"02/02/2018 16:13:24","Outbound","02034053370","0019706887009","389","59",,"0","Unanswered","International","SIP Users",,,,"Desk Phone"
"02/02/2018 16:13:34","Outbound","02034053383","0016177286862","383","31",,"0","Unanswered","International","106 New Bond Street ",,,,"Desk Phone"
"02/02/2018 16:14:03","Outbound","02034053376","01279874505","376","12",,"2","Answered","National","106 New Bond Street ",,"£0","UK Bishops Stortford","Desk Phone"
"02/02/2018 16:14:20","Outbound","02034053370","0019706887009","389","3",,"0","Unanswered","International","SIP Users",,,,"Desk Phone"
"02/02/2018 16:14:26","Outbound","02034053383","0014024981300","383","28",,"31","Answered","International","106 New Bond Street ",,"£0.035","USA ","Desk Phone"
"02/02/2018 16:14:32","Outbound","02034053370","0013128222990","392","28",,"6","Answered","International","106 New Bond Street ",,"£0.027","USA ","Desk Phone"
"02/02/2018 16:14:45","Outbound","02034053370","0016045461500","389","8",,"6","Answered","International","SIP Users",,"£0.027","Canada ","Desk Phone"
"02/02/2018 16:14:56","Outbound","02034053382","02075540093","382","5",,"2","Answered","National","106 New Bond Street ",,"£0","UK London","Desk Phone"
"02/02/2018 16:15:04","Outbound","02034053382","02075540093","382","5",,"2","Answered","National","106 New Bond Street ",,"£0","UK London","Desk Phone"
"02/02/2018 16:15:09","Outbound","02034053370","0016045461500","389","8",,"55","Answered","International","SIP Users",,"£0.044","Canada ","Desk Phone"
"02/02/2018 16:15:11","Outbound","02034053370","0013128222990","392","30",,"1","Answered","International","106 New Bond Street ",,"£0.025","USA ","Desk Phone"
"02/02/2018 16:15:13","Outbound","02034053382","02075540093","382","7",,"1","Answered","National","106 New Bond Street ",,"£0","UK London","Desk Phone"
"02/02/2018 16:15:35","Outbound","02034053376","01279874505","376","8",,"0","Unanswered","National","106 New Bond Street ",,,,"Desk Phone"
"02/02/2018 16:16:01","Outbound","02034053376","0016192352300","376","10",,"9","Answered","International","106 New Bond Street ",,"£0.028","USA ","Desk Phone"
"02/02/2018 16:16:12","Outbound","02034053373","0018445714863","373","12",,"46","Answered","International","106 New Bond Street ",,"£0.04","USA ","Desk Phone"
"02/02/2018 16:16:22","Outbound","02034053399","0037069840095","399","27",,"0","Unanswered","International","106 New Bond Street ",,,,"Desk Phone"
"02/02/2018 16:16:27","Outbound","02034053376","0016192352300","376","22",,"132","Answered","International","106 New Bond Street ",,"£0.067","USA ","Desk Phone"
"02/02/2018 16:18:35","Outbound","02034053370","0018003667426","385","8",,"625","Answered","International","106 New Bond Street ",,"£0.327","USA Freephone","Desk Phone"
"02/02/2018 16:18:47","Outbound","02034053370","0014163645620","389","16",,"12","Answered","International","SIP Users",,"£0.029","USA ","Desk Phone"
"02/02/2018 16:18:52","Outbound","02034053379","00390297685025","379","82",,"1","Answered","International","106 New Bond Street ",,"£0.025","Italy ","Desk Phone"
"02/02/2018 16:20:27","Outbound","02034053370","0012157404697","394","23",,"75","Answered","International","106 New Bond Street ",,"£0.049","USA ","Desk Phone"
"02/02/2018 16:20:36","Outbound","02034053382","0019017618080","382","23",,"25","Answered","International","106 New Bond Street ",,"£0.033","USA ","Desk Phone"
"02/02/2018 16:20:37","Outbound","02034053370","0018004751088","389","11",,"24","Answered","International","SIP Users",,"£0.037","USA Freephone","Desk Phone"
"02/02/2018 16:21:35","Outbound","02034053370","0018479376100","392","18",,"57","Answered","International","106 New Bond Street ",,"£0.043","USA ","Desk Phone"
"02/02/2018 16:23:15","Outbound","02034053370","0041584704000","389","2",,"14","Answered","International","SIP Users",,"£0.033","Switzerland ","Desk Phone"
"02/02/2018 16:24:08","Outbound","02034053382","0017132382050","382","10",,"1","Answered","International","106 New Bond Street ",,"£0.025","USA ","Desk Phone"
"02/02/2018 16:24:27","Outbound","02034053382","0017132382050","382","9",,"1","Answered","International","106 New Bond Street ",,"£0.025","USA ","Desk Phone"
"02/02/2018 16:24:40","Outbound","02034053370","0017722864777","392","20",,"9","Answered","International","106 New Bond Street ",,"£0.028","USA ","Desk Phone"
"02/02/2018 16:24:42","Outbound","02034053382","0017132382050","382","11",,"0","Answered","International","106 New Bond Street ",,"£0.025","USA ","Desk Phone"
"02/02/2018 16:25:25","Outbound","02034053393","0012123831508","393","34",,"1","Answered","International","106 New Bond Street ",,"£0.025","USA ","Desk Phone"
"02/02/2018 16:25:51","Outbound","02034053370","0012032278000","389","10",,"37","Answered","International","SIP Users",,"£0.037","USA ","Desk Phone"
"02/02/2018 16:26:16","Outbound","02034053393","02079720300","393","27",,"31","Answered","National","106 New Bond Street ",,"£0","UK London","Desk Phone"
"02/02/2018 16:26:38","Outbound","02034053370","0017722864777","392","6",,"43","Answered","International","106 New Bond Street ",,"£0.039","USA ","Desk Phone"
"02/02/2018 16:26:50","Outbound","02034053383","0014024981300","383","27",,"19","Answered","International","106 New Bond Street ",,"£0.031","USA ","Desk Phone"
"02/02/2018 16:27:17","Outbound","02034053370","0016105402049","389","5",,"34","Answered","International","SIP Users",,"£0.036","USA ","Desk Phone"
"02/02/2018 16:27:18","Outbound","02034053393","02079720300","393","6",,"33","Answered","National","106 New Bond Street ",,"£0","UK London","Desk Phone"
"02/02/2018 16:27:38","Outbound","02034053383","0014024981300","383","13",,"21","Answered","International","106 New Bond Street ",,"£0.032","USA ","Desk Phone"
"02/02/2018 16:28:34","Outbound","02034053370","0012024589689","389","16",,"3","Answered","International","SIP Users",,"£0.026","USA ","Desk Phone"
"02/02/2018 16:29:23","Outbound","02034053399","0031205436474","399","81",,"0","Unanswered","International","106 New Bond Street ",,,,"Desk Phone"
"02/02/2018 16:30:31","Outbound","02034053370","0012024731000","389","2",,"84","Answered","International","SIP Users",,"£0.052","USA ","Desk Phone"
"02/02/2018 16:31:02","Outbound","02034053371","00441132848054","371","36",,"0","Unanswered","International","106 New Bond Street ",,,,"Desk Phone"
"02/02/2018 16:31:41","Outbound","02034053399","0034914239621","399","24",,"7","Answered","International","106 New Bond Street ",,"£0.027","Spain ","Desk Phone"
"02/02/2018 16:32:18","Outbound","02034053399","0034902305307","399","14",,"14","Answered","International","106 New Bond Street ",,"£0.03","Spain ","Desk Phone"
"02/02/2018 16:32:33","Outbound","02034053370","00442078287230","394","36",,"8","Answered","International","106 New Bond Street ",,"£0","UK London","Desk Phone"
"02/02/2018 16:32:49","Outbound","02034053370","0012123325100","389","12",,"38","Answered","International","SIP Users",,"£0.037","USA ","Desk Phone"
"02/02/2018 16:32:55","Outbound","02034053397","0019733153000","397","25",,"1758","Answered","International","106 New Bond Street ",,"£0.581","USA ","Desk Phone"
"02/02/2018 16:33:49","Outbound","02034053370","0012024737470","389","15",,"71","Answered","International","SIP Users",,"£0.048","USA ","Desk Phone"
"02/02/2018 16:34:07","Outbound","02034053393","0012147681763","393","15",,"6","Answered","International","106 New Bond Street ",,"£0.027","USA ","Desk Phone"
"02/02/2018 16:34:28","Outbound","02034053399","00418992357149","399","22",,"0","Unanswered","International","106 New Bond Street ",,,,"Desk Phone"
"02/02/2018 16:37:15","Outbound","02034053371","0012039876132","371","21",,"59","Answered","International","106 New Bond Street ",,"£0.044","USA ","Desk Phone"
"02/02/2018 16:37:22","Outbound","02034053383","0012142523250","383","22",,"43","Answered","International","106 New Bond Street ",,"£0.039","USA ","Desk Phone"
"02/02/2018 16:37:51","Outbound","02034053373","0012126982030","373","25",,"41","Answered","International","106 New Bond Street ",,"£0.038","USA ","Desk Phone"
"02/02/2018 16:38:30","Outbound","02034053376","0018472660200","376","1",,"47","Answered","International","106 New Bond Street ",,"£0.04","USA ","Desk Phone"
"02/02/2018 16:38:40","Outbound","02034053370","0013345177000","385","1",,"52","Answered","International","106 New Bond Street ",,"£0.041","USA ","Desk Phone"
"02/02/2018 16:38:48","Outbound","02034053382","0012813672483","382","13",,"0","Unanswered","International","106 New Bond Street ",,,,"Desk Phone"
"02/02/2018 16:38:51","Outbound","02034053370","02070122764","370","15",,"89","Answered","National","106 New Bond Street ",,"£0","UK London","Desk Phone"
"02/02/2018 16:39:05","Outbound","02034053383","0015173237000","383","17",,"43","Answered","International","106 New Bond Street ",,"£0.039","USA ","Desk Phone"
"02/02/2018 16:39:24","Outbound","02034053376","0018472660200","376","1",,"37","Answered","International","106 New Bond Street ",,"£0.037","USA ","Desk Phone"
"02/02/2018 16:40:03","Outbound","02034053382","0012813672483","382","20",,"52","Answered","International","106 New Bond Street ",,"£0.041","USA ","Desk Phone"
"02/02/2018 16:40:08","Outbound","02034053371","0017133384503","371","29",,"2","Answered","International","106 New Bond Street ",,"£0.026","USA ","Desk Phone"
"02/02/2018 16:40:28","Outbound","02034053370","0012139288684","389","23",,"2","Answered","International","SIP Users",,"£0.026","USA ","Desk Phone"
"02/02/2018 16:40:31","Outbound","02034053376","0018472660200","376","1",,"17","Answered","International","106 New Bond Street ",,"£0.03","USA ","Desk Phone"
"02/02/2018 16:40:36","Outbound","02034053370","02070122600","370","8",,"265","Answered","National","106 New Bond Street ",,"£0","UK London","Desk Phone"
"02/02/2018 16:40:45","Outbound","02034053371","0017133386758","371","27",,"3","Answered","International","106 New Bond Street ",,"£0.026","USA ","Desk Phone"
"02/02/2018 16:40:59","Outbound","02034053383","0015054769500","383","22",,"204","Answered","International","106 New Bond Street ",,"£0.09","USA ","Desk Phone"
"02/02/2018 16:41:14","Outbound","02034053370","0018026607086","385","5",,"0","Unanswered","International","106 New Bond Street ",,,,"Desk Phone"
"02/02/2018 16:41:20","Outbound","02034053399","0033969362000","399","28",,"0","Unanswered","International","106 New Bond Street ",,,,"Desk Phone"
"02/02/2018 16:41:21","Outbound","02034053370","0018026607086","385","13",,"1311","Answered","International","106 New Bond Street ",,"£0.44","USA ","Desk Phone"
"02/02/2018 16:41:32","Outbound","02034053370","0013128222990","392","28",,"6","Answered","International","106 New Bond Street ",,"£0.027","USA ","Desk Phone"
"02/02/2018 16:41:39","Outbound","02034053376","0018472660200","376","2",,"13","Answered","International","106 New Bond Street ",,"£0.029","USA ","Desk Phone"
"02/02/2018 16:41:40","Outbound","02034053371","0016019570323","371","25",,"42","Answered","International","106 New Bond Street ",,"£0.038","USA ","Desk Phone"
"02/02/2018 16:41:44","Outbound","02034053373","0012158876700","373","14",,"31","Answered","International","106 New Bond Street ",,"£0.035","USA ","Desk Phone"
"02/02/2018 16:41:59","Outbound","02034053376","0018472660200","376","1",,"39","Answered","International","106 New Bond Street ",,"£0.037","USA ","Desk Phone"
"02/02/2018 16:42:31","Outbound","02034053370","0018479376100","392","15",,"100","Answered","International","106 New Bond Street ",,"£0.057","USA ","Desk Phone"
"02/02/2018 16:42:50","Outbound","02034053393","0012064362315","393","27",,"4","Answered","International","106 New Bond Street ",,"£0.026","USA ","Desk Phone"
"02/02/2018 16:43:27","Outbound","02034053376","0078662791077","376","26",,"0","Unanswered","International","106 New Bond Street ",,,,"Desk Phone"
"02/02/2018 16:44:29","Outbound","02034053376","0018472660200","376","1",,"15","Answered","International","106 New Bond Street ",,"£0.03","USA ","Desk Phone"
"02/02/2018 16:45:15","Outbound","02034053383","0015056675061","383","15",,"329","Answered","International","106 New Bond Street ",,"£0.129","USA ","Desk Phone"
"02/02/2018 16:46:31","Outbound","02034053376","0018472660200","376","1",,"9","Answered","International","106 New Bond Street ",,"£0.028","USA ","Desk Phone"
"02/02/2018 16:46:35","Outbound","02034053370","0017722864777","392","17",,"25","Answered","International","106 New Bond Street ",,"£0.033","USA ","Desk Phone"
"02/02/2018 16:48:58","Outbound","02034053382","0016315858282","382","33",,"8","Answered","International","106 New Bond Street ",,"£0.028","USA ","Desk Phone"
"02/02/2018 16:49:36","Outbound","02034053370","0013367584385","392","37",,"3","Answered","International","106 New Bond Street ",,"£0.026","USA ","Desk Phone"
"02/02/2018 16:50:12","Outbound","02034053370","0014153446180","389","2",,"24","Answered","International","SIP Users",,"£0.033","USA ","Desk Phone"
"02/02/2018 16:51:57","Outbound","02034053399","0041444512244","399","14",,"16","Answered","International","106 New Bond Street ",,"£0.033","Switzerland Zurich","Desk Phone"
"02/02/2018 16:52:15","Outbound","02034053383","0015054769300","383","17",,"164","Answered","International","106 New Bond Street ",,"£0.077","USA ","Desk Phone"
"02/02/2018 16:52:29","Outbound","02034053370","0013367584385","392","25",,"0","Answered","International","106 New Bond Street ",,"£0.025","USA ","Desk Phone"
"02/02/2018 16:52:47","Outbound","02034053373","0019017615068","373","21",,"42","Answered","International","106 New Bond Street ",,"£0.038","USA ","Desk Phone"
"02/02/2018 16:53:27","Outbound","02034053370","0019146704300","389","7",,"98","Answered","International","SIP Users",,"£0.056","USA ","Desk Phone"
"02/02/2018 16:53:28","Outbound","02034053399","0033155615511","399","36",,"13","Answered","International","106 New Bond Street ",,"£0.03","France ","Desk Phone"
"02/02/2018 16:54:19","Outbound","02034053399","0033155615511","399","26",,"16","Answered","International","106 New Bond Street ",,"£0.031","France ","Desk Phone"
"02/02/2018 16:54:45","Outbound","02034053373","0018474917050","373","20",,"42","Answered","International","106 New Bond Street ",,"£0.038","USA ","Desk Phone"
"02/02/2018 16:55:17","Outbound","02034053370","0012127586200","389","4",,"14","Answered","International","SIP Users",,"£0.029","USA ","Desk Phone"
"02/02/2018 16:55:34","Outbound","02034053370","0019146704300","389","6",,"17","Answered","International","SIP Users",,"£0.03","USA ","Desk Phone"
"02/02/2018 16:55:47","Outbound","02034053383","0018012133568","383","35",,"3","Answered","International","106 New Bond Street ",,"£0.026","USA ","Desk Phone"
"02/02/2018 16:56:44","Outbound","02034053370","0019146704300","389","5",,"16","Answered","International","SIP Users",,"£0.03","USA ","Desk Phone"
"02/02/2018 16:57:09","Outbound","02034053378","0039026691349","378","14",,"1","Answered","International","106 New Bond Street ",,"£0.025","Italy ","Desk Phone"
"02/02/2018 16:57:22","Outbound","02034053376","0016462747470","376","3",,"13","Answered","International","106 New Bond Street ",,"£0.029","USA ","Desk Phone"
"02/02/2018 16:57:34","Outbound","02034053383","0015059831111","383","11",,"72","Answered","International","106 New Bond Street ",,"£0.048","USA ","Desk Phone"
"02/02/2018 16:57:47","Outbound","02034053376","0016462747470","376","20",,"67","Answered","International","106 New Bond Street ",,"£0.046","USA ","Desk Phone"
"02/02/2018 16:57:57","Outbound","02034053370","0016264054012","392","16",,"0","Unanswered","International","106 New Bond Street ",,,,"Desk Phone"
"02/02/2018 16:58:25","Outbound","02034053370","0016264054012","392","14",,"33","Answered","International","106 New Bond Street ",,"£0.035","USA ","Desk Phone"
"02/02/2018 16:58:49","Outbound","02034053388","0019726284195","388","21",,"3","Answered","International","SIP Users",,"£0.026","USA ","Desk Phone"
"02/02/2018 16:58:55","Outbound","02034053370","0012127501577","389","21",,"6","Answered","International","SIP Users",,"£0.027","USA ","Desk Phone"
"02/02/2018 16:59:39","Outbound","02034053370","02074264700","392","20",,"117","Answered","National","106 New Bond Street ",,"£0","UK London","Desk Phone"
"02/02/2018 16:59:45","Outbound","02034053383","0012486439630","383","17",,"46","Answered","International","106 New Bond Street ",,"£0.04","USA ","Desk Phone"
"02/02/2018 17:00:23","Outbound","02034053371","0016172488960","371","19",,"470","Answered","International","106 New Bond Street ",,"£0.174","USA ","Desk Phone"
"02/02/2018 17:00:31","Outbound","02034053380","00442035744207","380","4",,"24","Answered","International","SIP Users",,"£0","UK London","Desk Phone"
"02/02/2018 17:00:43","Outbound","02034053399","003223725092","399","35",,"0","Answered","International","106 New Bond Street ",,"£0.025","Belgium ","Desk Phone"
"02/02/2018 17:01:15","Outbound","02034053383","0012813725138","383","31",,"2","Answered","International","106 New Bond Street ",,"£0.026","USA ","Desk Phone"
"02/02/2018 17:01:39","Outbound","02034053370","0012064072503","389","1",,"0","Unanswered","International","SIP Users",,,,"Desk Phone"
"02/02/2018 17:01:52","Outbound","02034053373","0018178779980","373","15",,"48","Answered","International","106 New Bond Street ",,"£0.04","USA ","Desk Phone"
"02/02/2018 17:02:19","Outbound","02034053383","0016466054350","383","30",,"2","Answered","International","106 New Bond Street ",,"£0.026","USA ","Desk Phone"
"02/02/2018 17:02:59","Outbound","02034053383","0016162886250","383","47",,"2","Answered","International","106 New Bond Street ",,"£0.026","USA ","Desk Phone"
"02/02/2018 17:03:05","Outbound","02034053382","0016315858282","382","33",,"3","Answered","International","106 New Bond Street ",,"£0.026","USA ","Desk Phone"
"02/02/2018 17:04:13","Outbound","02034053370","02070791000","392","10",,"95","Answered","National","106 New Bond Street ",,"£0","UK London","Desk Phone"
"02/02/2018 17:06:42","Outbound","02034053373","0012126326710","373","34",,"8","Answered","International","106 New Bond Street ",,"£0.028","USA ","Desk Phone"
"02/02/2018 17:09:02","Outbound","02034053383","0013035520900","383","17",,"44","Answered","International","106 New Bond Street ",,"£0.039","USA ","Desk Phone"
"02/02/2018 17:10:38","Outbound","02034053383","0014125534545","383","31",,"26","Answered","International","106 New Bond Street ",,"£0.033","USA ","Desk Phone"
"02/02/2018 17:11:39","Outbound","02034053383","0012123102000","383","13",,"119","Answered","International","106 New Bond Street ",,"£0.063","USA ","Desk Phone"
"02/02/2018 17:12:20","Outbound","02034053373","07975831224","373","4",,"0","Unanswered","Mobile","106 New Bond Street ",,,,"Desk Phone"
"02/02/2018 17:12:26","Outbound","02034053373","07586428612","373","3",,"0","Unanswered","Mobile","106 New Bond Street ",,,,"Desk Phone"
"02/02/2018 17:12:31","Outbound","02034053373","07975831556","373","4",,"0","Unanswered","Mobile","106 New Bond Street ",,,,"Desk Phone"
"02/02/2018 17:15:17","Outbound","02034053383","0012813725138","383","31",,"2","Answered","International","106 New Bond Street ",,"£0.026","USA ","Desk Phone"
"02/02/2018 17:17:10","Outbound","02034053383","001213279300","383","14",,"0","Unanswered","International","106 New Bond Street ",,,,"Desk Phone"
"02/02/2018 17:17:28","Outbound","02034053383","0012132793000","383","13",,"299","Answered","International","106 New Bond Street ",,"£0.12","USA ","Desk Phone"
"02/02/2018 17:18:09","Outbound","02034053370","0012052202100","392","12",,"54","Answered","International","106 New Bond Street ",,"£0.042","USA ","Desk Phone"
"02/02/2018 17:18:15","Outbound","02034053397","0012125466216","397","23",,"10","Answered","International","106 New Bond Street ",,"£0.028","USA ","Desk Phone"
"02/02/2018 17:19:35","Outbound","02034053370","0019896382215","392","36",,"3","Answered","International","106 New Bond Street ",,"£0.026","USA ","Desk Phone"
"02/02/2018 17:22:33","Outbound","02034053376","02074896057","376","4",,"2","Answered","National","106 New Bond Street ",,"£0","UK London","Desk Phone"
"02/02/2018 17:22:59","Outbound","02034053376","0096522323232","376","2",,"24","Answered","International","106 New Bond Street ",,"£0.071","Kuwait ","Desk Phone"
"02/02/2018 17:23:54","Outbound","02034053376","0096522323232","376","1",,"10","Answered","International","106 New Bond Street ",,"£0.044","Kuwait ","Desk Phone"
"02/02/2018 17:24:11","Outbound","02034053376","0096522323232","376","1",,"7","Answered","International","106 New Bond Street ",,"£0.038","Kuwait ","Desk Phone"
"02/02/2018 17:25:07","Outbound","02034053370","0019896382215","392","34",,"6","Answered","International","106 New Bond Street ",,"£0.027","USA ","Desk Phone"
"02/02/2018 17:26:04","Outbound","02034053370","0016264054012","392","31",,"153","Answered","International","106 New Bond Street ",,"£0.073","USA ","Desk Phone"
"02/02/2018 17:26:20","Outbound","02034053376","0019098857980","376","3",,"14","Answered","International","106 New Bond Street ",,"£0.029","USA ","Desk Phone"
"02/02/2018 17:27:41","Outbound","02034053376","0019098857980","376","3",,"7","Answered","International","106 New Bond Street ",,"£0.027","USA ","Desk Phone"
"02/02/2018 17:28:30","Outbound","02034053376","0031088008405","376","3",,"0","Unanswered","International","106 New Bond Street ",,,,"Desk Phone"
"02/02/2018 17:28:37","Outbound","02034053376","0031088008405","376","5",,"0","Unanswered","International","106 New Bond Street ",,,,"Desk Phone"
"02/02/2018 17:28:50","Outbound","02034053376","0031088008405","376","3",,"0","Unanswered","International","106 New Bond Street ",,,,"Desk Phone"
"02/02/2018 17:29:33","Outbound","02034053383","0018003677164","383","17",,"388","Answered","International","106 New Bond Street ",,"£0.212","USA Freephone","Desk Phone"
"02/02/2018 17:32:47","Outbound","02034053370","0012139288684","389","24",,"1","Answered","International","SIP Users",,"£0.025","USA ","Desk Phone"
"02/02/2018 17:37:53","Outbound","02034053376","0012103411515","376","7",,"8","Answered","International","106 New Bond Street ",,"£0.028","USA ","Desk Phone"
"02/02/2018 17:38:14","Outbound","02034053376","0012103411515","376","17",,"28","Answered","International","106 New Bond Street ",,"£0.034","USA ","Desk Phone"
"02/02/2018 17:40:37","Outbound","02034053376","00498963631444","376","5",,"9","Answered","International","106 New Bond Street ",,"£0.028","Germany ","Desk Phone"
"02/02/2018 17:41:01","Outbound","02034053376","00498963631444","376","4",,"4","Answered","International","106 New Bond Street ",,"£0.026","Germany ","Desk Phone"
"02/02/2018 17:41:40","Outbound","02034053376","00498963631444","376","4",,"2","Answered","International","106 New Bond Street ",,"£0.026","Germany ","Desk Phone"
"02/02/2018 17:43:00","Outbound","02034053376","00498963631444","376","4",,"2","Answered","International","106 New Bond Street ",,"£0.026","Germany ","Desk Phone"
"02/02/2018 17:43:10","Outbound","02034053376","00498963631444","376","5",,"0","Unanswered","International","106 New Bond Street ",,,,"Desk Phone"
"02/02/2018 17:44:01","Outbound","02034053376","00498963631444","376","4",,"4","Answered","International","106 New Bond Street ",,"£0.026","Germany ","Desk Phone"
"02/02/2018 17:44:51","Outbound","02034053370","0012532721972","392","28",,"710","Answered","International","106 New Bond Street ",,"£0.25","USA ","Desk Phone"
"02/02/2018 17:45:30","Outbound","02034053376","0012125230202","376","0",,"0","Unanswered","International","106 New Bond Street ",,,,"Desk Phone"
"02/02/2018 17:45:36","Outbound","02034053376","0012125230202","376","1",,"0","Unanswered","International","106 New Bond Street ",,,,"Desk Phone"
"02/02/2018 17:45:41","Outbound","02034053376","0012125230202","376","1",,"0","Unanswered","International","106 New Bond Street ",,,,"Desk Phone"
"02/02/2018 17:45:45","Outbound","02034053376","0012125230202","376","0",,"0","Unanswered","International","106 New Bond Street ",,,,"Desk Phone"
"02/02/2018 17:45:48","Outbound","02034053376","0012125230202","376","18",,"0","Unanswered","International","106 New Bond Street ",,,,"Desk Phone"
"02/02/2018 17:46:13","Outbound","02034053376","0017816393000","376","9",,"6","Answered","International","106 New Bond Street ",,"£0.027","USA ","Desk Phone"
"02/02/2018 17:46:33","Outbound","02034053376","0017816393000","376","9",,"15","Answered","International","106 New Bond Street ",,"£0.03","USA ","Desk Phone"
"02/02/2018 18:00:54","Outbound","02034053390","07856355454","390","16",,"1572","Answered","Mobile","106 New Bond Street ",,"£2.332","UK Mobile O2","Desk Phone"
"02/02/2018 18:27:25","Outbound","02034053390","07856355454","390","5",,"0","Unanswered","Mobile","106 New Bond Street ",,,,"Desk Phone"
"02/02/2018 18:27:39","Outbound","02034053390","07856355454","390","5",,"0","Unanswered","Mobile","106 New Bond Street ",,,,"Desk Phone"
"02/02/2018 18:27:47","Outbound","02034053390","07856355454","390","2",,"3","Answered","Mobile","106 New Bond Street ",,"£0.004","UK Mobile O2","Desk Phone"